91161 9942 72655 12236 
0.038509623128750156
96057 37193 61778 97951 
0.08186722917908852
85997 53704 34093 26174 
0.05372300190242591
83712 56322 41221 85314 
0.08640646387227867
6194 76636 72221 19231 
0.05469749868724193
84734 6814 4741 82348 
0.04983452880671389
98178 27504 24407 2783 
0.05752752585937335
4526 93465 83428 84331 
0.04963413907850354
20231 85433 44572 8985 
0.054645595947907945
57760 74238 53719 27286 
0.060384391111931356
number of components of weight..
0.1-0.12-0.15-0.18-0.2-0.22-0.25-0.28-eps
10 10 10 10 10 10 10 10 10 
component size
0 0 10 