13163 33960 21343 13841 65814 
0.0404746663982235
68958 43421 13008 21337 
0.051376905685776394
74496 71807 95268 20932 
0.06339705331697162
34994 42719 89328 53743 58376 
0.021850791479134136
78289 92017 60891 81709 
0.020377754736831715
13624 98117 87892 54503 94897 
0.0530046731457709
15043 56780 51340 18292 24545 
0.06643761816529425
1155 59698 78457 
0.05189402739140915
52650 3843 31855 1632 13783 
0.025254579608988467
90931 25825 52345 41290 
0.06513524741979908
52142 19299 55195 
0.017095303130877353
45753 80552 49929 13010 
0.046977552403309156
95897 78984 4189 60989 15792 
0.017904894273031262
52861 53405 93923 31408 15606 
0.07520611165806372
84736 96350 4142 76422 
0.0534736890488027
56534 54141 43276 16816 95711 
0.03370799509992054
74405 42740 17505 48969 64757 
0.04981759696979924
85700 22082 50415 96243 
0.04027739502195304
41037 16308 4381 58531 34940 
0.047164412200671996
14485 45866 172 
0.050934821910029376
33434 72248 4318 23379 97631 
0.05275416787392504
35813 58575 60319 27635 
0.028846428550415193
99772 77346 74634 91743 
0.027550908874362692
40201 15404 75768 
0.039325976102869684
85938 19208 37186 
0.05565445416425174
381 99223 88695 39203 
0.03653635733773085
24258 56996 49408 59560 7397 
0.05087064852155023
97391 7648 78406 
0.06044520337257624
24992 54609 84372 81608 
0.04271302699039198
26616 62811 92360 96141 
0.04237866506949508
78890 83841 97284 82748 49955 
0.04983422981145959
57484 92645 62292 58816 50986 
0.05203682344652485
53360 82156 85166 4332 63646 
0.05299487002509702
75036 13453 80579 75082 
0.05036983223341304
4920 74655 85011 
0.057933772057311844
94229 53049 4015 
0.07484403440199153
79885 90412 25917 92662 
0.0435932645977138
91728 65033 93823 94571 34105 
0.03375784054518848
6338 25661 10526 78697 29260 
0.058024192583366205
71525 94473 18216 62233 68850 
0.053178227181008654
89417 15053 485 22370 19571 
0.039644932209822945
73284 21140 22913 
0.019255447909442655
23179 32093 36207 14899 
0.060270727639130585
69199 12535 75987 
0.06089003217285402
92391 5471 46861 57493 20877 
0.0298676884124197
95263 62285 8438 96814 
0.05075012831267382
20889 5492 31556 43928 
0.03423923663301372
54341 72966 72447 21472 
0.045734992587742655
60247 50721 12549 
0.04250814925100635
16197 73723 6538 47159 
0.02475569411443673
14049 63766 88001 7973 
0.03587732413249537
57961 84791 36333 
0.06720884442951336
98681 13821 88243 96992 
0.02221855043314922
77775 78210 49608 63910 
0.07162452025863493
5865 23333 75375 
0.05405496783694044
99252 79694 90917 32831 53073 
0.05539365416918597
23142 13170 24040 
0.07122710051374714
59247 15446 55829 40161 
0.027167421198408877
38919 75545 76098 
0.046671003367984715
28079 5038 99297 
0.028188246958875805
23963 51834 62736 
0.031066302206375386
22959 4914 7680 
0.029363941952612015
45834 97880 40909 45221 67028 
0.05964527721156552
60526 96209 27169 23511 
0.04942048567015751
53812 19175 33143 
0.020949614480576466
16357 50268 8738 
0.022364860524377424
3566 90319 53966 85591 2801 
0.049838297860282876
81075 17509 46708 
0.07474953746568941
87100 14214 37353 11189 
0.028808721889909607
5213 68903 69141 
0.04608706516228978
45393 50515 64798 33528 
0.07110450672979589
1619 45668 98082 61410 71256 
0.059187921064023735
51142 55784 41237 
0.06447158571596703
73653 34259 37271 
0.04299976091890214
99251 90937 85100 74906 
0.04938619076143479
4546 53810 46915 
0.02880883673722988
28688 81879 8656 18990 97549 
0.05650217328511502
84199 31292 53722 
0.04629852265430506
96482 71758 44424 75915 
0.05805600234192593
88848 32318 34335 48973 34529 
0.02492120550697469
64810 90026 69435 24618 7446 
0.04775086059376958
32736 69745 64058 38064 
0.04056839705158553
396 17384 31696 49774 
0.06812561780843043
77078 47003 52394 19950 
0.06271394343329399
15305 34965 27223 38082 56930 
0.05943404660625322
80589 71644 34556 6644 3448 
0.06486505336997489
22039 82201 31591 3420 68360 
0.062409820058977675
45742 9660 58706 83057 
0.06285513930289915
70596 59981 97087 74149 
0.05543580187334079
21508 35840 72522 17905 
0.027808898722139264
10569 35329 50757 
0.02750672032398269
46038 69006 91553 
0.033911484837025434
12641 99732 57198 34988 85369 
0.05164160019783077
29565 49033 87787 
0.05927246675150219
79022 62667 42443 
0.03541364777062471
2385 28587 32387 64746 92606 
0.04802114371678237
19577 74256 4708 35356 
0.05349469301154173
46918 83276 43432 77280 53220 
0.06839016072570236
95912 61742 58978 
0.05393378803173837
66497 62206 72600 
0.037456670084263385
number of components of weight..
0.1-0.12-0.15-0.18-0.2-0.22-0.25-0.28-eps
100 100 100 100 100 100 100 100 100 
component size
0 0 32 35 33 