74700,573
684986,2124
284023,1815
164,2475
23448,110
131117,730
144330,911
193354,433
193352,432
1121867,931
1105505,1487
103543,748
1104055,550
469504,1418
189577,312
189574,2169
189572,2167
6155,466
43186,2049
287787,145
289780,743
289781,744
1106287,600
158098,51
69392,310
1132434,1508
69397,1173
65650,1025
27174,230
8696,1823
3237,2343
100701,32
1102442,1235
689439,2365
853114,1884
853115,1885
1153014,915
52003,365
52000,364
853118,1887
52007,366
1129015,1925
1129018,940
1132505,2595
43698,751
263498,2451
85324,1146
1113438,2363
6196,483
28851,2361
63931,675
93320,274
990075,1951
2440,344
644494,491
1130568,907
1109392,1811
1130567,103
1106630,1057
240321,668
93923,1919
294145,1720
102939,1847
102938,1846
16819,41
1107728,2523
117328,2706
1117219,2608
631015,1912
139738,1579
753047,571
79817,1555
646412,1156
6378,1643
787016,422
1125492,959
300071,1437
1131360,1030
87363,1921
1116922,1208
20526,1859
20528,1860
1138755,2224
54550,752
22874,2060
147870,1724
22876,2062
293285,2476
197452,2021
561581,1613
1153275,1199
219239,1661
1121254,1128
1131565,2281
152731,2410
1106370,1637
1117501,1066
179180,1879
1131189,777
1129907,1133
1131184,2701
49482,18
1131180,2699
48781,803
294030,2561
711598,436
1131748,610
1131745,609
104840,2487
1131741,2515
1130586,918
1134056,796
645452,1761
1997,1512
1999,2508
1114184,2370
634975,2296
1129835,184
45061,1669
1128839,665
237521,43
8832,1107
67584,1654
202639,1718
395725,1176
1130808,1258
58454,2131
58453,2130
5055,70
610529,2621
575402,1771
12946,511
17821,1217
948846,369
592996,1840
575292,1536
399370,2203
5454,476
32698,2532
137956,249
137868,161
399173,149
227286,1668
1107010,1597
23507,204
340299,26
23502,202
1115166,1752
1110531,434
1135455,1677
194645,281
1152821,628
151708,2013
6151,465
6152,2368
1127566,855
83725,902
1114364,1623
8766,1961
1123093,2587
1152436,221
89547,967
31349,8
232860,1295
1108597,1695
189571,2166
107251,1862
66982,33
107252,1863
562067,1338
66986,832
1112911,2600
522338,1660
116552,2604
711994,1874
1110628,2460
12211,2455
280876,452
8687,1819
521183,2037
1124837,2063
219446,143
650807,1134
696345,59
417017,303
350319,1630
696342,872
696343,873
173884,1479
1102850,7
1136342,958
1119471,1705
653441,1747
273152,42
737204,1753
126867,1804
77112,1861
1110998,112
1126350,2168
308003,2493
647413,1516
69418,377
310530,64
566488,1426
1103038,2074
35335,2307
606647,2353
1103031,1108
141160,1464
1128982,1745
74821,2596
1113534,1494
46547,2675
189566,1172
250566,2622
646357,2022
576725,1558
409255,1446
77758,719
6782,2180
6784,1203
1106298,1514
6786,325
65653,1027
1118658,2548
180373,520
561789,917
1154520,1953
1154525,1956
1154524,1955
46491,1595
1153065,935
1153064,1918
16485,411
683294,1802
55801,1475
1132815,2042
1112106,2542
1152259,1783
14430,1506
124296,360
1152490,2072
315266,1397
824245,2117
191216,1417
1105887,1944
1109199,1544
671269,2239
141596,2020
682815,1204
38480,671
1113742,1769
686559,443
149139,2528
1109566,2073
1131334,1991
763181,2400
1120786,2382
293271,2472
578365,1821
1131359,2001
631052,1932
48555,1490
1129994,2140
1131421,282
1131420,1144
63477,172
1128198,1694
1117089,506
40125,1857
575077,380
13193,1741
1114629,1045
13195,3
37541,2346
1116842,1092
6216,567
6215,2480
6214,566
6213,565
948299,561
1138619,2096
6210,564
1112723,469
2696,2499
2695,2498
1152075,1522
42156,2612
6818,1288
1128997,789
1128990,11
1111265,2344
1118332,311
59626,25
123825,687
189708,2404
1130600,186
735311,2125
14090,1029
1109185,1538
123556,1254
1131734,1518
3232,2342
3233,1335
3231,430
3236,1337
211432,861
3235,1336
634902,2248
5194,1028
175256,537
218410,1529
36162,2428
36167,2430
648121,1509
13269,898
83461,1489
300806,1461
321004,1319
15670,2177
583318,1628
157805,1460
1131647,494
259126,651
27543,631
18532,2186
1105672,1657
1120197,2567
387795,2204
159897,389
1115375,212
1125906,2531
596075,2184
1125909,1549
132806,191
149669,2221
114308,2551
1116594,724
1108267,2294
229635,982
815073,1477
206259,775
18313,132
574009,1850
27606,732
47682,2243
47683,2244
643069,2456
47684,2245
28350,738
1108167,2146
252715,2636
94953,413
1108169,2147
191404,723
1140040,179
212777,1627
131042,2540
1134865,53
1107367,2035
1112929,1634
178718,2254
216878,2326
1107136,1743
368657,939
1123068,2577
216877,417
221302,541
1153853,1971
1105450,1388
647315,1392
1103737,1024
574710,811
129558,1556
35922,250
1385,2672
644363,2235
28227,621
73712,2112
606479,2102
1105698,715
562940,1519
262121,2613
65074,342
503883,1218
77108,1853
519353,1602
72406,2328
1152673,1318
187260,1989
1152676,2332
642681,904
647408,602
74921,1765
74920,1764
91852,1046
91853,1047
35852,1969
28640,2098
1140289,2258
1104031,543
7537,1282
28649,1124
362926,997
51045,909
7532,1281
144679,2319
94229,462
593560,2646
65212,1452
171954,1827
126926,1941
110163,818
159085,341
159084,340
126920,137
1103676,906
400356,257
1132459,604
145176,214
6170,473
141324,1719
1108834,1103
1105877,1938
101143,2398
6775,1195
10981,1645
6771,322
101145,2399
127033,1140
1135955,2349
82087,1577
155277,1942
1117184,1531
110164,819
38829,1138
177115,2075
253971,444
46468,661
633585,2366
1106771,1190
75983,2176
131315,978
270600,2304
81350,650
1102646,1480
1106172,472
95198,1648
131318,979
230884,1524
63915,1601
593942,2206
39904,685
294126,756
1104851,1521
262108,2603
308920,742
95579,1183
686015,1664
1113739,21
124734,1897
75674,804
85452,375
101660,2079
1129106,2048
166825,883
69198,121
135765,1081
135766,1082
85299,207
1131348,1022
49895,1297
10169,635
1136422,229
299195,2642
299197,1676
1131345,1021
4637,2246
68115,2471
613409,1666
294239,1851
1113084,886
9559,2070
1817,1351
219218,2620
531348,1076
249858,20
1132706,927
6220,575
12210,549
459206,2238
6224,2485
41216,1374
102884,2690
595193,1950
1131236,889
197783,1430
4335,76
1131230,1856
1128985,781
1132857,2064
1109957,1585
1131728,1513
714256,2088
14083,1023
1130634,1031
1130637,1033
42221,798
390889,2390
429781,2618
1135082,2162
3229,427
671293,371
416964,1005
3220,1328
3223,1329
3222,2338
265203,961
1112426,180
1129367,1330
52847,431
1129369,1332
1129368,1331
168332,988
28504,1954
10186,2560
1120563,2122
10183,649
39127,1569
1105062,73
33231,1393
137849,155
470511,1707
238099,2539
114966,504
23070,467
226698,1820
1119078,2172
449841,2312
207395,1278
1130915,2388
37998,106
1110515,1325
34082,1525
645571,1913
22875,2061
58540,367
8703,136
47839,2494
34315,125
10798,479
1121569,1501
67415,574
987188,2029
5600,1621
1126029,16
118559,2412
1122580,926
350373,2627
121792,1746
129897,999
129896,998
1132073,1998
28230,2529
642920,2247
31105,1462
77829,825
66564,2261
1123188,10
424,87
13654,2393
503893,2202
1114388,695
1107215,901
1135894,2218
1115701,2514
1102873,797
52835,1327
23258,688
22386,486
15984,645
561674,784
1104007,535
51052,913
87915,729
93755,1658
1119654,984
1152663,1314
13982,40
35863,1975
74937,1770
241821,709
521252,1164
66782,1528
1105530,2501
1106789,1201
261040,1154
318071,1294
240791,2165
576257,938
51909,1102
25702,1079
429805,783
84695,1171
6169,471
1106418,9
1132443,2507
684372,2325
6163,1378
13208,1845
1116044,2000
592973,1831
1154500,147
358884,522
592975,1832
6767,318
1125597,1096
318187,1434
56119,966
644577,2510
82098,658
16008,772
82090,1580
56115,965
292277,2101
25413,707
46476,1587
348437,1135
46470,1586
167670,1020
1106764,1180
1133004,2357
1152277,823
51831,968
100935,243
1129027,942
51834,151
1152272,31
503877,1216
503871,2193
277263,1486
1123867,722
6209,562
733534,2579
27230,2171
230879,1520
642847,292
141868,1407
118558,2411
646440,1162
80491,1346
1120962,701
1129111,2050
686532,435
1107418,2139
6343,1626
134316,276
6344,2597
134314,2115
6346,690
85449,1266
1153195,233
6184,477
115188,2684
1128846,666
28290,1573
1123991,851
1130356,1605
90470,2108
64484,455
62417,1548
46500,2657
46501,1702
10174,2555
1129683,1734
10177,640
243483,1940
64319,334
135798,2071
854434,720
83847,1052
531351,1078
1129208,1189
636500,1492
1114605,198
9515,2054
459213,2249
6238,1491
9513,2053
1152290,836
1128978,2705
1128977,2704
40151,88
1128974,2702
1131719,598
1111240,1323
44121,2401
390894,498
390896,499
1115959,1813
95188,1640
411092,893
1114777,313
1949,580
66563,2259
1106406,2
83449,1483
1106401,1739
38722,1006
199571,1947
1118848,864
1112417,1972
175291,1457
18773,2462
662572,388
1114153,458
18774,557
7047,2586
5462,2378
1118286,1085
48066,1833
217852,2650
1120777,480
608326,1715
59798,142
353541,244
57932,2394
1120170,653
1128151,721
182093,37
182094,38
1128407,231
709113,2106
1135345,2522
375825,802
1119004,2143
646334,2008
1107674,1432
628500,588
1130929,1402
593329,1408
22229,2220
1130927,1399
195792,2624
58552,1265
509315,1826
273949,1875
1114398,1639
1104946,2623
217984,866
1120084,1454
1133390,1786
350362,710
446271,450
1108329,1401
14428,1503
1152904,736
1111733,187
35905,1116
31489,1910
14529,2607
51049,1894
95225,786
370366,331
126128,1865
66556,1257
434,92
193918,1145
23069,464
73119,1308
65057,339
189623,2293
189620,2292
1121063,1835
330148,72
111770,993
11342,1238
50980,2665
385251,1748
446610,891
1108258,2289
158172,976
32872,45
30973,1188
1119623,973
96335,391
573553,299
325497,1443
642593,1751
114189,442
206524,2132
1135899,1243
78549,1788
136766,1442
1108175,2155
19621,745
213246,1341
1128927,1721
51934,2084
1102794,2602
126909,1926
86258,481
74698,495
13885,1672
1000012,1622
1102407,336
358894,525
523010,2611
32276,1050
424540,531
1104300,869
1103315,548
785678,1371
579008,1784
634904,2251
1153056,933
24974,160
1133010,1357
28447,858
653628,2009
1116146,1152
6898,420
45599,448
693143,2418
1118092,1791
593544,2641
1136397,975
423463,950
593813,1098
1136393,154
191222,1421
1132385,1400
671052,1981
97645,1106
686030,1667
739816,2337
521251,2151
2702,2570
134307,270
408885,895
1107567,400
1153183,2059
102406,1181
1121176,1976
128383,951
1120880,1517
486840,2200
43165,2041
1105531,1502
81714,262
134128,882
578669,2216
46536,754
377303,1878
215912,2046
1109208,1638
1106568,1914
270085,2516
22835,217
60682,245
636511,1499
4983,2637
943087,1280
628888,962
36802,2341
12275,2477
45533,1321
820661,2109
820662,2110
1104495,1041
286500,2232
1131257,1870
1131258,896
41417,2605
9708,414
1956,1498
1951,1496
1953,581
1952,1497
1130653,1039
634938,2280
1959,583
633031,1682
200630,152
8872,247
8875,1117
8874,2089
3243,438
3240,1339
202520,2558
1131414,2120
202522,646
1106966,1440
568857,757
628667,2628
108047,995
179706,1633
628668,2629
1117618,317
1114125,446
1481,66
38771,194
48075,1837
70970,1249
1110494,349
29723,1593
1717,345
1120169,1576
746058,914
1110256,1962
163235,123
310653,185
40922,947
42209,792
264556,1968
168958,1772
1125895,2453
1110947,96
1114239,2479
28412,843
1130931,1405
1118017,17
1130934,1406
358887,1427
1118388,1210
212107,838
1154042,1289
1153736,859
1132285,2273
31769,399
33895,343
601567,396
601561,2300
1123215,1858
45603,2444
1132731,1917
189856,623
1128959,769
28389,750
210871,188
178727,2265
28385,2666
35061,129
28387,749
1131305,1978
1119708,1110
1116410,603
1118120,1903
1152917,2654
1152910,739
384428,678
1117942,644
6539,924
1153889,1001
656231,1635
7867,2652
28254,1559
14531,1636
27612,2653
8617,826
950305,362
180399,524
8619,828
118682,1545
445938,905
782486,153
1126315,2154
385067,2482
11335,1234
103528,2656
11337,2210
11339,1236
1154459,856
56112,964
755082,392
1116569,718
1119987,2369
523394,2076
28674,1132
110162,817
1120431,174
1153166,222
101662,2080
145384,2305
13652,496
6741,1174
1155073,1686
13656,501
13658,503
1137140,226
1132461,2513
126912,1933
594387,844
253762,246
1104379,899
154023,2236
32260,2015
817774,2185
73327,643
1133028,1361
593155,2152
167656,1986
755217,601
1116397,1420
1129021,1930
119761,238
93555,489
593559,2643
1136814,1575
154134,482
101263,615
592826,1679
101261,614
632874,2375
86840,323
1104809,590
645870,2318
579108,1936
1109830,2445
1112650,2241
75318,447
1130539,1877
120084,527
81722,266
1114838,2297
1112099,556
1107572,1296
646913,833
24966,157
458439,1160
46452,654
20601,1003
5064,1854
20602,1004
17798,256
5062,75
52784,1237
5069,1855
684972,2114
45189,848
45188,847
18834,1581
1105221,1131
1128314,1943
1128319,956
95435,213
25184,1284
1129778,1872
25181,1283
12347,1600
208345,1642
1022969,300
84021,1333
84020,429
1138091,1317
42207,791
1129570,1588
53942,887
1129573,1590
1110390,259
10531,258
210872,189
46079,237
1118302,2158
573964,1685
1131267,897
1131266,1876
1129798,1880
62329,2429
688849,1511
714208,2069
976334,277
194223,639
96851,974
9716,1309
116021,164
119686,1952
1071981,1589
1128227,1799
94639,1911
20593,1895
20592,1893
1131466,1158
1116974,1222
1131464,1157
1152143,700
190698,1583
211906,1482
26850,655
1116629,816
272720,1223
1125953,2550
1105033,870
7022,674
421481,1168
675847,2562
1131607,1381
59772,1939
1127657,977
49847,2291
49844,2290
49843,1275
1109017,475
682508,1777
29738,2573
1135368,620
40131,1867
1132864,1083
13136,2676
40135,1869
68495,130
1128425,1091
1108389,2425
648232,703
1152859,648
1152858,647
1114222,1478
156977,2227
242663,827
289945,980
1131116,1717
129287,1196
1127530,841
675649,1315
428610,263
144408,201
1153728,50
1154074,408
1154076,1299
1153724,49
239800,181
31043,1352
44368,727
1033,402
504,1994
158812,77
1034,403
1035,2309
1107171,799
1126012,5
1108656,1809
1126011,1749
714975,211
1153896,1984
1153897,1009
1153891,183
589923,1757
192870,1615
14549,1647
643199,1598
1104787,512
50336,107
50337,108
28265,629
14545,2615
267824,595
143476,704
375605,2490
28287,636
630890,2576
23738,1290
696346,874
519318,2566
11326,1227
66596,1271
1152633,2323
66594,1270
37483,2215
145215,1155
87417,2030
211875,474
647447,1530
1153945,2104
1153946,2105
1105764,1782
35070,937
1153942,2103
1153943,1127
61312,2047
577086,1077
1120444,991
594047,1404
35490,540
3932,2276
34708,1431
1107319,2004
137130,2016
1107312,197
134315,275
245288,2432
1119295,2441
733167,261
86359,1515
205192,354
228992,1997
205196,1252
97390,728
1113459,1376
1125092,500
1152448,225
28964,2492
340078,1493
592830,1684
340075,579
13686,2409
25772,1112
642621,888
389715,1964
27203,308
1105810,1904
328370,547
1119671,1970
1128935,1726
134320,279
1102751,2580
17363,2526
46887,2135
89335,2635
212930,1889
649731,741
379288,1542
38839,284
649739,1704
1106547,118
80515,1451
561238,1219
1153097,948
134219,1980
1153091,135
1138968,2504
633721,2575
20857,2282
20850,381
1116181,2145
910,611
139865,763
1154071,2313
573978,1691
367312,272
20924,2380
1131270,93
20920,484
1130678,1051
1131274,94
20923,485
235776,2333
175576,884
96847,970
96845,1959
152226,2695
152227,2696
95719,2417
95718,518
36131,2419
899085,2163
582343,1260
1128542,338
1105148,1979
582349,1262
278394,1058
578645,1230
578646,1231
1128291,854
45605,538
20584,102
184918,771
1152150,705
33412,698
578649,1232
654326,1999
560936,779
395540,1922
27510,624
1132922,315
395547,1923
99025,1068
197054,563
99023,1067
949511,353
645016,2208
1128437,1104
1128430,1101
29708,664
1135358,618
180301,2384
157761,1358
1128946,1730
1128945,765
626574,1759
1128943,2688
40124,78
592986,1836
1134348,2161
36620,1111
68463,119
243274,1655
72056,1806
67633,801
608191,1474
28473,868
28471,57
695284,2345
83746,1896
1026,2302
734406,1866
263482,2449
239810,1002
5348,359
263486,2450
38000,224
1123239,1871
37888,788
1115456,297
137790,865
936,1534
218666,47
8079,1053
1213,2527
1107140,6
95594,2179
30817,2024
233106,2678
28278,633
12165,2354
1123530,2271
206371,1890
4274,2692
3101,1212
416455,1311
40583,2416
1115670,2424
520471,2045
954315,837
1115677,1423
1125467,944
1122304,2569
91975,306
459216,2252
1125469,945
1108209,2255
703953,1868
463,1892
330208,989
1129610,2664
118424,2278
1123493,1166
1105574,605
1137466,546
1154276,626
1107095,2609
1140547,694
103482,659
1140543,2606
50838,2530
189721,515
1140548,2610
590022,1842
1107325,2010
1108841,241
1106236,2489
258259,2351
762980,2085
1152714,1435
1119505,1807
1152711,529
694759,1594
61073,1662
1104191,673
1153899,1985
1128975,2703
592993,1839
358866,1419
82666,2372
1113934,215
73323,2556
116553,1631
1125082,493
430574,2631
230300,1828
708945,821
252725,2640
89308,2626
545647,790
28267,2544
1131828,1653
213279,1356
156794,1983
733576,2599
64519,551
354004,27
302545,81
686061,1683
1130243,2464
6385,1649
57948,507
11148,158
4553,1151
1107558,1291
1153150,1071
1133196,606
1106052,1248
345340,1816
1112075,2457
154047,2262
1112071,1458
46431,2557
1110000,713
1117786,2339
235683,2194
644427,2362
578898,1495
390922,584
1121459,2364
8865,1114
1113614,1616
1125258,702
567005,2233
1127810,2201
1127812,337
1120858,2505
906,608
39890,1527
12247,1469
646809,714
568045,1651
148399,1456
158614,660
1130080,1239
200480,1698
62347,2437
1104999,1673
1153577,1571
1121313,1233
175548,58
10796,478
1130069,2212
10793,1390
1128208,815
13205,1844
1107385,2043
1152162,708
1128201,1785
1128204,813
1120211,737
578650,2211
12337,1592
12330,667
566664,1680
112813,1465
1118245,220
654339,2003
44017,382
7430,2150
1135589,1822
99030,1072
430711,1915
1120138,2545
1105011,1829
18811,641
739280,1551
427606,2667
1134197,1920
390693,291
1106849,404
1132809,216
22883,2066
1113035,863
22886,1084
814836,2142
136768,1445
136767,1444
11325,1226
641956,101
1153703,44
1131137,2677
644093,892
917493,1100
143676,1927
284414,441
58758,1523
594900,2554
1120049,536
1154012,2288
1694,1142
395553,1928
1114442,1756
1114118,2352
604073,1789
1121537,2483
459214,2250
1119751,255
1123553,385
109323,12
1152944,1711
105899,929
1272,638
1122574,111
18777,558
447250,2683
33823,2181
1135750,2083
37879,4
643777,1398
1154124,2414
1154123,2413
1104769,1403
3112,1215
1115886,733
68505,199
157401,146
7041,1612
1113852,932
1106330,2593
118435,2283
1059953,2156
118436,2284
1128881,1609
1111614,69
593921,2199
1135115,2272
1152896,2568
59244,2231
30934,1170
642827,1147
23116,560
1132486,1526
594025,1396
509379,885
1153861,1974
73972,2395
1152761,2446
263279,1207
1104182,1599
594119,2512
61069,712
288107,2481
593104,2133
593105,290
116545,2598
120039,1412
124064,173
1152421,1070
31863,1425
1106112,451
1113926,2033
248425,55
18251,835
12182,453
1126503,2415
779960,617
13960,34
1116347,502
593859,2087
5966,228
190697,2563
593210,2277
1153148,218
683355,1937
155736,1566
1152394,1948
1112665,2256
235679,2190
235678,2189
627024,2454
1139928,98
167205,2436
235670,2188
245955,1349
594511,2065
153063,99
5038,876
293974,1414
16437,1285
1120866,599
567018,363
60159,2397
801170,2316
20833,1263
278403,2129
1117348,810
75694,1780
75695,808
90888,696
75691,1778
75693,1779
43639,726
1112194,2572
1116835,1088
360028,2006
20942,497
380341,1960
1116839,1089
1919,2474
1105344,2230
9581,2081
9586,2082
884094,2458
513189,1069
13212,68
13213,879
133615,286
71336,1810
94641,934
1112686,376
481073,2209
33818,2178
1152379,957
198653,717
1131312,1982
887,523
1131634,2381
1128856,1596
1117653,328
1111186,1229
1128853,669
62718,981
400455,1242
1138970,596
739707,2191
1128453,2077
642894,2153
49811,1267
36145,1422
561593,2592
1133417,1899
14807,1062
1106854,2314
195150,877
289085,1774
1134320,2144
18833,657
18832,656
254923,2673
34266,814
78555,1794
346292,253
34263,812
78552,1793
107177,767
559804,419
1118347,1179
48550,1488
33907,1305
28456,54
411005,1825
289885,1838
68224,676
1120059,1450
1115471,1165
950052,91
94416,1620
314459,1272
255233,1194
142268,1993
1688,1136
18781,2467
1139009,2639
18785,2468
751408,1245
1119742,2094
239829,1987
1152958,2670
1126044,1763
752684,1929
645046,2219
1119180,1304
1135746,242
368431,692
58436,2128
1136040,2517
662416,280
212097,1714
1063773,437
1108363,1416
263069,941
137359,1292
1031453,83
1114992,2439
640617,1113
31479,1908
126868,1805
1113828,921
217115,778
989397,1105
1118764,1712
6917,521
6910,519
30901,296
6913,2421
15429,109
12439,1732
1117833,1448
1103985,1286
335042,2619
28632,2092
684531,2538
1154251,1547
566653,1674
711527,2324
282700,169
633081,2661
950986,1115
38205,415
594039,2392
22563,1644
1152179,2625
22566,2616
22564,2614
928873,774
643239,1716
144212,1738
1237,2537
140005,140
126793,725
77515,488
28359,2655
1123689,2420
6217,568
632935,2488
24476,2301
73146,423
155158,1781
7432,298
919885,461
98698,1467
1103162,1228
74427,1129
98693,1466
2698,2500
1106103,445
1050679,2295
626999,1300
248431,1834
738941,1120
337766,1367
27250,1197
161221,283
1107455,305
1134346,2160
103515,1696
593022,1034
1111978,2287
192850,1607
521855,971
17208,492
17201,490
255628,2662
19697,766
593209,2269
683360,952
20821,2253
593201,2267
1152569,329
612306,302
1126037,1760
1113551,2502
1152564,1209
82920,793
649944,176
32083,15
57773,2149
260979,1967
397488,1563
49660,208
1131639,487
578309,834
7296,1916
7297,127
1135108,2266
578306,1801
31483,1909
1110024,1665
6814,1287
118259,2014
376704,1048
38846,285
321861,514
38845,1148
1121057,1830
578780,1362
286513,2237
1103969,1276
198866,150
194609,2107
1109873,553
436796,368
166989,2011
85352,1153
128203,795
128202,794
190706,1689
63812,2466
152219,770
40886,1812
1130680,1056
63549,2095
75121,2091
1128267,842
644441,1372
1103960,1274
644448,468
1131223,1852
1118823,1824
1109581,2078
85688,1539
70520,2647
12359,1606
1129629,755
1117249,706
141171,1471
12350,672
227178,1533
1129621,753
1128868,2574
118873,1818
108983,332
27895,1019
307015,1139
1246,1560
735303,2116
246618,2330
1131335,1992
1110209,1945
1131330,1013
1127619,963
335733,1572
198443,2396
578845,2470
1114192,2376
20972,2408
654519,2264
195361,2118
1133428,920
1129442,544
1129443,545
236759,1709
18536,2187
44455,846
133550,1037
133553,200
34257,809
1786,1256
892139,1557
62634,860
1115790,2535
463825,1500
1131150,2686
41666,955
237376,1561
135464,1656
62389,2447
709518,1629
248395,1725
1134022,1740
8224,378
1126050,24
289088,805
1123576,393
175909,454
4330,74
39474,1018
41714,219
643485,2002
1119178,1302
753264,1762
54129,1178
561568,2578
648369,1798
264347,2651
1104749,1395
561364,1347
1154103,510
72805,1849
28026,2299
1130856,390
285675,1055
641976,916
267003,2438
15987,2559
1108050,203
1121603,1604
595063,1797
1113831,1905
646900,1796
66805,689
143323,578
66809,1625
1122425,773
23774,410
1116530,711
1110768,677
15431,114
1136110,1652
13917,807
573535,2141
575795,1221
1110563,2355
91581,684
1120643,357
28487,875
28485,60
1153900,2086
25805,2182
28489,1841
28336,1690
643003,533
50807,1541
78557,1795
643221,1713
35343,406
127940,1313
616336,2668
181782,440
1152740,1447
31083,2367
166420,421
1152991,2682
105856,1891
646286,115
646289,1906
19045,1931
594483,972
17242,513
1105433,1375
92589,2017
1111899,1163
116528,1618
56167,983
120013,505
521269,2157
12631,192
110041,1646
259772,2403
74749,1505
1122642,1044
256106,2422
12638,193
1116328,1394
27241,319
77438,1268
27243,1185
77826,824
27246,320
27249,1191
308529,2174
1104258,2681
12238,555
177993,2170
576795,2564
645897,416
177998,1175
56709,764
56708,2687
69284,1060
1153160,1074
1104435,1988
594649,2196
1153169,223
1114864,2310
25794,2090
25791,1118
57764,1161
342802,2322
1113541,586
86923,2321
55403,1963
141347,1729
323128,2225
192734,1468
141342,1728
124828,2019
308232,1776
688361,80
2354,251
649730,1700
1127863,2217
754594,2533
52515,954
1130454,2700
1135137,386
578337,839
853150,113
763009,355
60170,1411
416867,1848
853155,1902
523574,1324
16451,1293
118260,2018
1138043,2320
1106546,1907
646837,2638
646836,1670
148341,1441
1102625,2465
120817,2459
97377,1678
124952,2164
117315,1736
1134031,1750
49720,2136
1127913,1334
1152194,716
1106671,1075
95597,1202
6334,686
976284,1032
1152358,943
4584,294
12169,2356
506,1995
1117476,141
662250,1873
70442,1553
70441,1552
70444,1554
33325,2509
359067,1735
24043,2707
1136449,2068
400473,351
1136446,1093
1136447,1094
1136442,235
14062,1016
626530,2697
626531,2698
753265,19
645084,1255
1125992,1584
1125993,2565
645088,358
1152959,2671
18812,642
949318,175
18815,1574
133563,206
133566,1042
133567,1043
232606,196
232605,195
1131149,2680
466170,782
1102400,2198
62607,849
1105116,170
5869,1935
628751,820
134060,2689
1129096,1957
346243,1109
131122,2648
44514,144
1106492,29
1132968,330
28249,2536
447224,758
4329,71
662279,97
188471,699
1117920,2546
1152975,760
1130847,2286
39403,167
1130676,2026
1111788,2012
561613,2679
561595,1619
54131,2175
54132,1184
154982,1463
27535,2543
27530,627
27531,1562
423816,1439
399339,333
1105603,2594
1114526,1888
242637,28
595056,1790
263553,2549
1131277,95
1154233,2525
1154232,2524
1154230,619
8699,52
6935,1428
6939,1429
23546,2032
23545,2031
1102567,2359
1110579,1355
1153933,254
1118546,532
1104647,2257
1133008,2358
1103610,79
35,163
689152,990
72908,1007
3097,1126
3095,1125
1128369,1958
28491,63
1120650,2229
289779,2659
1140230,1246
1140231,1247
31097,470
1108551,1671
105865,912
1129572,2571
644334,352
241133,1727
73162,1326
7419,295
1105428,1370
217139,13
189655,398
22431,585
116512,2584
397590,2663
562123,542
1116336,2389
262178,1663
509233,1708
409725,2100
1110950,1882
1104261,762
1112319,56
5959,2057
315789,240
561611,1723
561610,1722
1102364,2097
1123087,2582
61417,1177
103531,1706
594011,2379
39131,634
39130,1570
594543,1099
103537,2660
162075,2268
1105360,2240
1131163,2691
1125402,1900
12198,1363
12199,1364
593260,395
644843,126
12194,1360
12195,2360
80656,663
12197,459
1107808,2632
1152508,309
1131471,2137
19231,1198
75972,1182
987197,2036
1103383,2478
348305,165
1105932,1073
763010,2228
1135122,2279
189774,2434
1127851,2213
1135125,383
219976,670
60169,2405
1153024,1901
510715,697
1129518,637
118079,1754
1129040,953
943,612
940,1535
941,1537
193742,85
105057,853
93318,269
628815,128
63832,1481
2658,570
20179,1345
20178,1344
2653,569
162664,1086
107569,2270
1131550,372
1120252,2669
130,559
18770,2461
116087,1011
116084,1010
116081,1008
1131164,1731
95588,1193
95589,321
16843,48
249421,346
1129608,746
203646,271
89416,1800
173863,2463
650834,1143
654177,785
1118209,2028
59715,120
45052,2634
108962,324
108963,326
42847,1564
307656,1946
42848,1565
1131314,182
576973,880
83826,205
911198,1342
1117049,1391
975567,1036
1112767,2383
1114664,2038
1107861,1692
1125944,2547
1131172,2693
162080,2275
628459,2387
628458,2386
642930,2263
1131611,1386
171225,104
20193,1354
62676,878
714289,260
1125386,1792
13024,652
151430,2589
1123756,2521
372862,2591
40605,2506
57119,2334
1114336,2581
67245,1250
67246,1251
31055,1359
1114331,1611
168410,252
644361,2234
50354,930
334153,508
41732,2051
561582,1614
510718,1641
1154169,526
91038,969
1095507,278
1120713,457
643735,1384
643734,1383
467383,2407
137380,1301
78508,1773
13972,39
563613,2496
430329,1382
646195,23
169279,2223
34979,761
643597,2138
1108728,960
1132157,2127
6925,2427
1154229,1543
1133930,2534
1107041,679
6923,2426
310742,1141
1153922,2093
1121398,361
102879,2685
14431,1507
1103979,394
59045,1000
194617,268
1110546,2347
174418,1306
111866,267
3085,1123
3084,1122
8594,735
577227,2298
8591,2649
28641,2099
31336,0
853116,1886
88356,401
66751,2511
145315,379
582139,1014
170798,1214
1133846,2435
188318,572
3828,289
1133338,800
94713,2034
187354,2126
67292,2260
12576,910
272345,2645
106590,1898
28957,577
1061127,1
1153816,1965
228990,1996
1153811,156
214472,2007
231198,1990
4660,1269
617575,1387
630817,2552
119712,2055
153598,1546
1112369,890
642641,894
574462,1410
148170,1206
27632,1703
82664,2371
1136310,131
13717,597
39126,632
521207,288
39124,1568
103529,1699
248823,460
1102550,1353
93273,1026
1153101,1049
1153106,2023
617378,2121
145134,1038
55968,691
608190,1473
1112026,2440
593091,1065
1123926,822
119956,2335
31932,616
1132416,2497
6130,1366
95642,2303
128540,2173
140569,1610
1103394,2484
75969,314
365294,2222
16476,409
16474,1298
16471,407
16470,405
899119,373
396412,304
17476,1687
17477,1688
51866,159
100961,1119
593328,2402
683404,1064
231249,1130
1153031,925
63835,2473
1138027,2308
251756,2317
286562,384
35854,171
1131557,2274
561809,1015
64271,1121
1131549,1264
309476,1449
1130780,2159
66794,1532
128,554
152483,1063
2654,1484
1128256,1808
1154068,2311
70281,1307
54844,2113
4878,2520
248119,1433
1110426,335
6311,2583
63486,177
22241,2226
1105231,2111
6318,2585
39165,1582
714748,776
1115291,117
1111304,2442
1131300,996
1131301,1977
108974,327
193931,1149
193932,1150
101811,2329
767763,2694
10430,166
10435,986
143801,301
1153254,316
1112574,287
33013,1137
1129494,2469
112378,862
2665,576
2663,2486
102061,2630
8961,2207
5075,1864
341188,210
18619,418
1136791,1476
1139195,61
84459,903
48764,1767
1131167,1733
48766,22
1131165,768
48768,1768
18615,1312
753070,2495
15889,539
133628,2134
675756,2452
218682,857
1120019,528
18582,1225
1111230,425
682666,148
37884,787
20180,1348
126927,138
574264,1159
648112,592
33301,593
33303,594
1132948,1200
1125393,831
132821,2005
395075,1261
29492,350
71736,2348
1119140,397
11093,871
95586,1192
8213,370
34355,133
184157,734
136665,412
1127430,1675
1105622,2601
12960,517
672070,2373
672071,2374
27514,625
1110438,1220
1154173,1436
28542,162
1154176,530
78511,1775
1114502,900
284025,46
285687,1059
851968,1211
415693,1224
440815,1803
385572,1169
13966,35
1107355,2027
169280,356
1124844,232
27631,2658
160732,509
174425,1310
948147,2336
1111052,239
1105718,1766
1127541,845
14429,1504
72101,946
643695,2285
1110520,2340
8581,731
111676,1843
1108570,2644
1122704,293
74975,30
368605,919
656048,1385
51180,2040
160705,2385
1119216,1415
1103499,2588
1119211,516
30895,227
1117760,1316
50381,1924
3187,347
35778,62
714879,105
1153860,1973
1153866,178
155738,1567
576362,2058
71904,662
1113995,234
907845,840
6639,1061
35797,881
259701,1379
259702,1380
1106388,2617
1955,582
92065,1340
193347,428
32688,622
1102548,1350
687401,2553
55770,1377
593068,1054
100197,2044
1103016,1090
593060,209
87482,1080
593240,1277
60560,1949
593248,1279
6125,456
62333,2433
69296,2039
139547,1320
632796,2242
31927,613
577331,1424
237489,1710
78994,439
1130657,1040
1132406,2491
576691,1455
288,682
144701,1409
124224,2214
633030,1681
220420,2205
16461,2306
688824,2503
325314,387
1109439,949
260121,90
1153003,908
595157,139
51879,985
4649,1259
1133047,1369
116790,1934
1152244,806
135130,1253
49753,2148
1105394,374
431206,2590
270456,2056
45212,134
17488,1693
1109891,1470
114,552
117,1459
444240,2541
1109542,1087
79809,1550
1152307,116
117316,1737
4804,591
134199,100
33904,1303
1152308,928
12158,1343
578347,1814
12155,2350
20534,82
1131374,1035
131317,1966
7272,122
38537,759
22869,2052
1153262,1186
7276,124
1153264,1187
1133469,936
5086,84
644470,2377
90655,1365
636098,89
210309,2315
1129243,1213
628766,830
15892,1453
628764,829
582511,1510
1131198,780
1131195,1744
601462,1167
1131192,1742
552469,264
34961,2674
1131752,2518
58268,86
1131754,2519
1121659,1624
129045,923
575331,1650
1104449,1017
1120020,1438
129042,922
1132887,1097
3217,1322
112099,534
3218,426
714260,248
949217,867
8821,236
36140,2423
1113182,1012
648106,589
1128536,2197
164885,265
1128531,2195
97892,449
39210,1701
1132083,190
179702,693
1114352,680
39199,1591
964248,2443
307336,607
17811,2192
62274,2327
1120731,463
1136631,2331
672064,1373
7032,1608
1136634,424
178209,1578
1118083,1787
137873,987
621555,1817
112787,1368
1102761,1617
1114512,1881
591016,348
591017,1244
1107067,683
1107062,681
815096,1485
756061,1659
1110028,2633
27623,1697
1153280,1205
27627,740
1153287,2183
6941,2431
103430,630
1127558,852
608292,1603
24530,2406
1127551,850
40,168
642798,2025
1122460,1755
47570,2123
1121739,1758
1153786,67
1153784,65
502574,1413
529165,2119
31353,14
27199,1095
312409,1472
66990,36
12558,1883
57922,2391
1116268,1273
238401,2067
444191,2448
15076,1389
180187,307
170338,1632
1153879,994
1365,747
3192,1241
3191,1240
1132418,587
28202,1540
650814,273
1153877,992
