31336 3 0.82335269 1
1061127 6 0.30800194 1
1106406 1 0.974387467 1
13195 1 0.87535167 1
37879 4 0.89892501 1
1126012 4 0.34246987 1
1107140 0 0.01298205 1
1102850 3 0.73775321 1
31349 3 0.931324661 1
1106418 0 0.94100976 1
1123188 3 0.999946356 1
1128990 2 0.59915715 1
109323 4 0.72447318 1
217139 5 0.91043687 0
31353 3 0.88407582 1
32083 3 0.82548642 1
1126029 1 0.998194158 1
1118017 3 0.75016862 1
49482 3 0.9408316 1
753265 3 0.39842993 0
249858 0 0.789349914 0
1113739 1 0.86295301 1
48766 2 0.992254257 1
646195 4 0.988755882 0
1126050 1 0.07871664 1
59626 0 0.64020228 1
340299 3 0.74485558 1
354004 4 0.91502184 0
242637 3 0.991208553 1
1106492 6 0.00743868109 1
74975 5 0.93681985 1
1152272 3 0.0715019479 1
100701 5 0.8758207 1
66982 3 0.93846339 1
13960 1 0.990908921 1
13966 1 0.69052666 0
66990 3 0.973329723 0
182093 1 0.33531052 0
182094 2 0.93393147 1
13972 1 0.20310196 1
13982 0 0.27669108 1
16819 4 0.99463886 0
273152 2 0.87653005 1
237521 3 0.33572406 1
1153703 5 0.80381316 0
32872 1 0.71733731 1
284025 3 0.969250381 1
218666 5 0.25589237 1
16843 4 0.95262271 1
1153724 5 0.83018899 1
1153728 5 0.99090308 1
158098 4 0.9933303 1
8699 0 0.74270117 0
1134865 2 0.999998212 0
28456 0 0.5588389 1
248425 2 0.993981183 1
1112319 0 0.991114855 1
28471 1 0.69611388 1
175548 3 0.92016399 1
696345 3 0.59114683 1
28485 1 0.73516876 1
1139195 5 0.72736967 1
35778 4 0.94894505 1
28491 1 0.72203404 1
310530 5 0.78627747 1
1153784 2 0.37884259 1
1481 5 0.99423027 0
1153786 4 0.34269533 1
13212 3 0.26681733 1
1111614 5 0.88648266 1
5055 0 0.84518981 1
4329 4 0.72568184 0
330148 3 0.89451694 1
1105062 1 0.06478991 0
4330 4 0.0080900928 1
5062 5 0.87634414 1
4335 4 0.5901885 0
158812 3 0.82832336 1
40124 0 0.0128085 0
1103610 0 0.58459836 1
688361 3 0.989110887 1
302545 4 0.34884638 1
20534 1 0.74554807 0
1031453 3 0.78096515 0
5086 4 0.95883745 0
193742 1 0.93146819 1
58268 6 0.75621647 1
424 6 0.04934127 1
40151 0 0.0612025 1
636098 0 0.45007336 1
260121 3 0.83057868 1
950052 3 0.21639983 1
434 1 0.126587 1
1131270 4 0.97664547 1
1131274 4 0.87573129 1
1131277 4 0.999785841 1
1110947 5 0.998493791 1
662279 3 0.38841182 1
1139928 0 0.72677565 1
153063 4 0.7989369 1
134199 2 0.78428692 1
641956 3 0.74670559 0
20584 3 0.35223261 1
1130567 1 0.942737579 1
171225 3 0.994095922 1
714879 4 0.9528966 1
37998 6 0.9009304 1
50336 4 0.92658257 0
50337 4 0.92722607 0
15429 0 0.86507136 0
23448 3 0.984852493 0
1122574 3 0.87032372 1
1110998 3 0.995434225 1
853150 3 0.67693728 1
15431 0 0.54395306 1
646286 4 0.96584344 0
1152307 5 0.80381316 1
1115291 4 0.997620881 0
1106547 1 0.901735187 1
68463 6 0.0428592 1
59715 2 0.75673187 1
69198 3 0.6577673 1
7272 3 0.97371453 0
163235 3 0.70743233 1
7276 3 0.997046292 1
34315 3 0.6752919 1
644843 4 0.49817592 1
7297 3 0.979847074 1
628815 1 0.60535836 1
35061 2 0.973631561 1
68495 0 0.66545564 1
1136310 4 0.86838871 0
18313 1 0.1802765 1
34355 3 0.59014624 1
45212 3 0.79786611 0
1153091 6 0.89012527 0
8703 6 0.03542552 1
126920 4 0.87101585 1
126927 4 0.986857235 1
595157 2 0.97275168 1
140005 0 0.62951112 1
1117476 2 0.984341085 1
59798 3 0.45384699 1
219446 3 0.90824765 1
44514 3 0.31301036 1
287787 2 0.995561004 0
157401 3 0.63613802 1
1154500 5 0.33509305 0
682666 1 0.999588549 0
399173 5 0.69942689 0
198866 5 0.63330925 1
51834 0 0.26029134 1
200630 3 0.55997294 1
782486 3 0.0996561646 1
1136393 3 0.6005609 1
137849 4 0.92034602 1
1153811 6 0.985106707 1
24966 0 0.02044717 1
11148 6 0.73005384 1
51866 0 0.56669509 0
24974 3 0.78196967 1
137868 4 0.995873868 1
28542 1 0.39056882 1
35 2 1.0 0
116021 0 0.27894545 0
348305 6 0.1574267 1
10430 5 0.74279946 1
39403 1 0.93238187 1
40 2 0.95925784 0
282700 3 0.42345271 1
1105116 4 0.996693611 0
35854 0 0.868976772 1
63477 5 0.48809105 1
124064 1 0.6678558 1
1120431 3 0.987951577 0
949318 3 0.93498731 0
649944 6 0.95356816 0
63486 0 0.16253394 1
1153866 6 0.35458839 1
1140040 3 0.98245734 1
1112426 3 0.63202149 0
239800 0 0.64295763 0
1131314 4 0.996171415 0
1153891 5 0.999965549 1
1129835 6 0.86459297 1
310653 4 0.981971085 0
1130600 1 0.996817052 1
1111733 3 0.90045547 1
210871 2 0.92851692 1
210872 2 0.80580533 1
1132083 3 0.998494029 1
132806 2 0.92035079 1
12631 3 0.96973461 1
12638 3 0.90202898 1
38771 3 0.36328354 1
232605 6 0.89675236 0
232606 6 0.83300149 1
1107312 1 0.999220848 1
1114605 3 0.92179954 1
68505 0 0.940819025 0
133553 3 0.98072058 0
144408 3 0.6750716 1
23502 3 0.874282 1
1108050 3 0.979505122 0
23507 3 0.68723768 1
83826 3 0.88467854 0
133563 3 0.995975554 0
85299 3 0.81599838 0
49660 0 0.39917359 1
593060 2 0.85415721 1
341188 1 0.95016199 1
714975 4 0.998877466 1
1115375 3 0.5573988 1
95435 1 0.996457756 0
145176 3 0.49510747 1
1113934 5 0.99852705 1
1132809 6 0.96763635 0
22835 3 0.9269892 1
1153148 4 0.33436406 0
41714 2 0.9203431 1
1118245 1 0.87054342 1
1152436 5 0.92857963 0
1153166 5 0.83018899 1
1153169 6 0.58232808 0
38000 6 0.6764378 1
1152448 5 0.80381316 0
1137140 3 0.91950011 0
30895 0 0.16882239 1
5966 2 0.24601334 1
1136422 3 0.18496116 1
27174 3 0.64248282 1
1128407 5 0.999051154 1
1124844 3 0.975123048 0
1153195 3 0.60382986 1
1113995 3 0.95635068 1
1136442 3 0.68125254 1
8821 5 0.52513647 0
46079 2 0.67393655 1
119761 3 0.88285506 0
1111052 1 0.8687048 1
315789 2 0.09127613 1
1108841 3 0.94039631 0
1135746 0 0.61743939 1
100935 2 0.996205688 1
353541 3 0.0066369 1
60682 5 0.36832514 1
253762 4 0.60770524 1
8872 1 0.0119015407 1
714260 4 0.81024104 1
137956 6 0.64343691 1
35922 4 0.936958373 1
2354 0 0.03947586 1
168410 1 0.972948253 1
346292 3 0.80409873 0
1153933 3 0.59214854 1
1119751 0 0.933053613 1
17798 5 0.71896809 0
400356 3 0.87074137 1
10531 3 0.8230319 0
1110390 5 0.15917188 1
714289 4 0.91062021 1
733167 3 0.57749861 1
81714 5 0.34595877 1
428610 3 0.91407901 0
552469 0 0.971746922 0
164885 2 0.77273703 1
81722 5 0.63049346 1
111866 0 0.78916502 1
194617 3 0.92869627 0
93318 3 0.22425938 1
134307 4 0.94287682 1
203646 3 0.68258941 0
367312 3 0.94254637 1
650814 2 0.96728456 1
93320 1 0.67262298 1
134315 4 0.39400783 1
134316 4 0.93884927 1
976334 1 0.980521798 1
1095507 4 0.977376461 1
134320 4 0.49147072 1
662416 4 0.00206870912 1
194645 1 0.67631322 1
1131421 3 0.994616449 1
161221 3 0.90581256 1
38839 5 0.70728379 1
38846 5 0.9121443 1
133615 6 0.52281648 1
1112574 0 0.79245025 0
521207 5 0.95446348 1
3828 5 0.85541767 1
593105 2 0.992268026 1
390693 3 0.43869141 1
642847 4 0.57775611 1
1122704 3 0.61982518 1
4584 1 0.951930523 1
7419 1 0.72983557 1
30901 0 0.43428099 1
1115456 3 0.85017693 1
7432 1 0.74200052 1
573553 0 0.64174598 1
1022969 5 0.996427 1
143801 3 0.73605949 1
612306 6 0.4641445 0
417017 5 0.60001594 1
396412 3 0.201676399 1
1107455 1 0.964959025 1
91975 1 0.96998209 0
180187 6 0.5896858 1
27203 0 0.86039442 1
1152508 2 0.9136036 1
69392 3 0.89364707 0
1118332 3 0.988964438 1
189577 4 0.984491408 1
1114777 5 0.999987602 1
75969 6 0.71007645 1
1132922 3 0.69675487 1
1153254 6 0.30631343 1
1117618 0 0.983381033 0
6767 5 0.51890212 1
27241 0 0.8728351 1
27246 3 0.26329565 1
95589 1 0.999328732 1
6771 0 0.32401833 1
86840 0 0.982944429 0
108962 4 0.94881284 1
6786 4 0.7258262 1
108963 4 0.83521324 0
108974 4 0.86245596 1
1117653 3 0.88183594 1
1152569 2 0.51163656 1
1132968 3 0.993064225 0
370366 3 0.86763585 1
108983 4 0.92137086 1
399339 1 0.81347382 1
64319 0 0.44324028 1
1110426 6 0.90832287 1
1102407 3 0.72544599 1
1127812 3 0.999835014 1
1128542 3 0.95025039 1
65057 4 0.81299937 0
159084 3 0.4042711 1
159085 3 0.56463337 1
65074 4 0.82369596 1
33895 2 0.996880889 1
2440 6 0.964029551 1
1717 4 0.81638634 1
249421 3 0.95807797 0
3187 4 0.91608983 0
591016 6 0.83639944 0
1110494 3 0.49158251 1
29492 3 0.81807339 1
400473 3 0.71075732 1
644334 4 0.997356892 1
949511 3 0.93990535 1
205192 3 0.68490434 1
763009 3 0.96999782 1
169280 3 0.93860757 1
1120643 2 0.999961138 1
645088 4 0.89928538 1
5348 3 0.996034086 1
124296 3 0.21750993 1
1121398 2 0.9901377 1
950305 3 0.992089868 1
567018 3 0.985537589 0
52000 3 0.45501617 1
52003 3 0.52068448 0
52007 3 0.48145047 1
58540 1 0.73943216 0
436796 3 0.84259689 1
948846 3 0.90603232 0
8213 1 0.982509613 1
671293 4 0.18890902 1
1131550 2 0.998969913 0
899119 6 0.991059959 0
1105394 1 0.8919856 1
85452 0 0.35856834 1
1112686 4 0.976126552 1
69418 3 0.967726111 0
8224 0 0.21271093 1
145315 6 0.59303355 1
575077 2 0.90300786 1
20850 0 0.85519242 1
44017 0 0.70501256 0
1135125 3 0.54592681 1
286562 3 0.68430489 1
1123553 1 0.64637148 1
1135137 3 0.93702 1
325314 3 0.34609368 1
662572 3 0.95189315 0
159897 4 0.991861582 1
1130856 2 0.999996662 1
96335 3 0.74086589 1
755082 4 0.3832556 1
1123576 3 0.61565417 1
1103979 3 0.75684172 1
593260 2 0.998686373 0
601567 6 0.11931141 1
1119140 3 0.987669408 0
189655 4 0.44061461 1
31769 3 0.96402097 1
1107567 0 0.49253491 1
88356 4 0.997593105 1
1033 2 0.96328592 0
1034 2 0.99571383 0
1106849 3 0.81836331 1
16470 3 0.987409234 0
35343 3 0.94673765 0
16471 3 0.97678649 0
1154074 3 0.70273018 1
16476 3 0.973101735 1
23774 1 0.81066602 1
16485 3 0.99379611 0
136665 1 0.21423298 1
94953 3 0.61341774 1
9708 5 0.83694214 0
38205 2 0.96777803 1
645897 4 0.993140876 1
216877 6 0.06191579 1
18619 0 0.25841257 1
559804 4 0.85687709 1
6898 3 0.88446617 0
166420 0 0.50007993 0
787016 2 0.995580733 1
73146 4 0.95203835 1
1136634 0 0.83335447 0
1111230 1 0.992328227 0
3218 6 0.39659253 1
3229 3 0.999218583 1
193347 6 0.56542438 1
84020 4 0.06034844 1
3231 0 0.53862476 1
52847 0 0.14137925 1
193352 6 0.47588247 1
193354 6 0.62526518 1
1110531 5 0.61394942 1
686532 3 0.987609625 1
711598 0 0.25871915 1
1063773 3 0.83956403 0
3243 0 0.20344213 1
78994 3 0.67452615 1
181782 1 0.78093082 0
284414 5 0.10227371 1
114189 4 0.87025344 1
686559 3 0.88790643 1
253971 3 0.94628978 0
1106103 5 0.25661916 1
1114125 1 0.98211354 0
75318 3 0.50446206 1
45599 2 0.860045969 1
97892 5 0.7067042 1
446271 4 0.998823345 1
1106112 1 0.81190842 1
280876 4 0.94730711 0
12182 0 0.66033214 1
175909 5 0.97306687 0
64484 1 0.62944669 1
6125 0 0.79484618 0
1120713 5 0.9245649 1
1114153 3 0.45902503 1
12197 0 0.84904242 1
248823 1 0.93592834 1
919885 3 0.96046638 0
94229 3 0.9287982 1
1120731 1 0.989372909 1
23069 4 0.73606384 1
6151 1 0.83383983 1
6155 1 0.973356009 1
23070 4 0.78636247 1
644448 4 0.97131312 1
1112723 3 0.415191323 1
31097 5 0.5764457 1
6169 1 0.92225438 1
1106172 1 0.99310559 0
6170 1 0.89505982 0
211875 3 0.15938047 1
1109017 2 0.97424328 1
5454 3 0.89326531 1
6184 1 0.65610069 0
10796 5 0.75845671 0
10798 5 0.54728079 0
1120777 3 0.997144401 1
86258 0 0.49076989 1
154134 5 0.997483075 1
6196 1 0.92303759 1
20920 4 0.98740977 0
20923 4 0.64449161 1
22386 5 0.92395097 1
1131639 3 0.700165153 1
77515 0 0.86138374 0
93555 3 0.75387877 1
17201 1 0.69741327 1
644494 4 0.984344661 0
17208 1 0.86076814 0
1125082 2 0.138907254 0
1131647 3 0.992908835 0
74698 4 0.71906745 1
13652 3 0.55297661 1
20942 0 0.28396466 1
390894 4 0.996389449 1
390896 4 0.973015606 1
1125092 1 0.694340825 1
13656 3 0.92752308 1
1116347 1 0.964280427 1
13658 3 0.94859332 1
114966 3 0.5178259 1
120013 3 0.93890011 1
1117089 1 0.47456568 1
57948 0 0.79379731 1
334153 0 0.84164143 1
160732 6 0.17873475 1
1154103 4 0.000361002894 1
12946 4 0.27595103 1
1104787 3 0.995926917 1
17242 4 0.8856796 1
321861 0 0.15747483 1
189721 4 0.96214795 1
1119211 3 0.989037335 0
12960 0 0.72642797 1
95718 0 0.72420996 1
6910 3 0.996789396 1
180373 3 0.33261603 1
6917 6 0.95176625 0
358884 0 0.0167963039 1
887 2 0.39389828 1
180399 3 0.67637467 1
358894 0 2.85254901e-05 1
1154169 3 0.47573638 1
120084 3 0.9421007 1
1120019 3 0.86526996 1
1152711 3 0.86790526 1
1154176 2 0.979781032 1
424540 3 0.36040705 1
1118546 4 0.983828843 1
643003 4 0.94806361 0
112099 5 0.942343 1
1104007 0 0.77932823 1
1120049 3 0.999998212 0
175256 2 0.983634472 1
45605 2 0.82028228 0
15889 5 0.992592871 0
35490 5 0.86768121 1
221302 5 0.995750666 0
562123 3 0.5089103 1
1104031 5 0.96169502 0
1129442 3 0.913946331 1
1129443 3 0.22798832 1
1137466 2 1.0 1
328370 3 0.47427639 1
1103315 1 0.975139558 1
12210 0 0.62761074 1
1104055 0 0.48223421 1
64519 1 0.0870408 1
114 1 0.992743134 1
1109873 3 0.976067245 1
128 1 0.92982811 1
12238 0 0.53751624 1
1112099 0 0.96921444 0
18774 4 0.77512836 1
18777 4 0.943443894 0
130 1 0.95746213 1
23116 0 0.0333935358 1
948299 3 0.987405598 0
6209 1 0.86771458 1
197054 1 0.279150128 1
6210 1 0.91262162 1
6213 1 0.997307658 1
6214 1 0.991079867 1
6216 1 0.79938608 1
6217 1 0.48262313 1
2653 0 0.82244414 1
2658 3 0.66948342 1
753047 0 0.81132782 0
188318 3 0.92083842 1
74700 4 0.68612659 1
67415 0 0.76550221 1
6220 1 0.60902607 1
2665 3 0.920192182 1
28957 4 0.967448652 1
143323 5 0.89400625 1
340075 3 0.78852379 1
1949 5 0.88348532 1
1953 5 0.73857218 1
1955 5 0.289511 1
1959 5 0.90068275 1
390922 4 0.308718413 1
22431 6 0.62062073 0
1113541 3 0.998936594 1
1132418 3 0.91210353 1
628500 1 0.967995465 0
648106 3 0.93873894 0
1104809 3 0.81052351 1
4804 0 0.89111084 1
648112 3 0.97060913 1
33301 5 0.95109767 1
33303 5 0.999881983 1
267824 3 0.35409385 1
1138970 0 0.14132133 1
13717 6 0.64345229 1
1131719 6 0.93933833 0
1120866 3 0.89113361 1
1106287 3 0.975034177 1
755217 1 0.798065543 1
647408 2 0.989127219 0
1116410 5 0.999438107 1
1132459 3 0.92307585 1
1105574 3 0.97747576 1
1133196 2 0.987327754 0
307336 3 0.87146765 0
906 3 0.85923672 1
1131745 3 0.96171367 1
1131748 3 0.988272727 1
910 3 0.997972786 1
943 5 0.85453886 0
31927 3 0.92563564 1
101261 0 0.30344719 1
101263 0 0.76877987 0
31932 3 0.69631386 1
779960 3 0.69313586 1
1135358 0 0.66893232 1
1154230 4 0.91279352 1
1135368 3 0.77123344 1
28227 1 0.72001976 0
32688 3 0.65706849 1
189856 4 0.99114275 0
27510 0 0.08750543 0
27514 3 0.41077638 1
1154276 3 0.947819889 1
27530 3 0.78900784 0
1152821 3 0.5193119 1
28265 5 0.73387784 1
103430 3 0.49214873 1
27543 3 0.75717562 1
39126 4 0.77315646 0
28278 1 0.983578086 1
39131 5 0.25871938 1
10169 0 0.6721831 1
28287 1 0.52977961 1
1129518 4 0.998793244 1
1272 0 0.83042765 1
194223 4 0.33493274 1
10177 0 0.81523454 1
18811 4 0.64602095 1
18812 4 0.86847657 1
73327 5 0.98189491 0
1117942 1 0.90796804 1
15984 4 0.96554017 0
202522 4 0.92288232 0
1152858 4 0.53511715 1
1152859 3 0.44053456 1
10183 5 0.96176088 0
81350 1 0.89832854 1
259126 3 0.02580827 1
13024 6 0.90865338 1
1120170 1 0.43984064 1
46452 6 0.55028731 1
26850 3 0.67569453 1
18832 1 0.92914003 1
18833 1 0.93977064 1
82098 2 0.89430398 1
103482 3 0.3496238 1
158614 0 0.39119503 0
46468 4 0.26261234 1
71904 3 0.18741724 1
80656 3 0.44227526 0
29708 3 0.45712543 0
1128839 3 0.981981933 0
1128846 3 0.9715727 0
12330 3 0.97549963 1
240321 3 0.979284286 1
1128853 6 0.10971607 1
219976 5 0.7735765 1
38480 1 0.88341218 1
12350 0 0.80726618 0
1104191 3 0.56725603 0
7022 3 0.83429265 1
63931 6 0.40397963 1
68224 3 0.87059492 1
1110768 3 0.48161244 1
384428 3 0.58256745 1
1107041 5 0.998188436 0
1114352 3 0.995993137 1
1107062 2 0.998263061 1
288 1 0.54742634 1
1107067 5 0.92000848 0
91581 4 0.972576678 1
39904 3 0.96780139 1
6334 5 0.74465257 1
123825 3 0.993242323 1
23258 1 0.42365146 1
66805 2 0.66462868 1
6346 5 0.12684749 1
55968 1 0.85146743 1
368431 0 0.26506361 1
179702 3 0.40697542 1
1140547 3 0.67800111 1
1114388 0 0.04494268 1
90888 3 0.3470608 1
510715 4 0.96031082 1
33412 3 0.30926394 1
188471 1 0.93283111 0
1152143 0 0.0617396 1
1120962 3 0.5481897 1
1125258 3 0.8104012 0
648232 3 0.78422678 0
143476 4 0.63764447 1
1152150 3 0.993849456 1
1117249 0 0.09359495 1
25413 6 0.991647124 0
1152162 3 0.0715019479 1
241821 3 0.56463337 1
350362 0 0.74320281 1
1116530 4 0.09478296 1
61069 2 0.91918206 1
1110000 4 0.992013752 1
646809 2 0.96128154 1
1105698 4 0.85506594 1
1152194 3 0.95716232 0
198653 2 0.02844029 1
1116569 3 0.977051914 1
77758 3 0.36478391 1
854434 3 0.26006967 1
1128151 2 0.38820457 1
1123867 0 0.970804274 1
191404 4 0.7285856 0
1116594 3 0.992172718 1
126793 4 0.81043696 1
43639 3 0.70900112 1
44368 2 0.95871186 1
97390 2 0.94488782 1
87915 4 0.51965833 1
131117 3 0.96374112 0
8581 3 0.91177541 1
27606 0 0.59468436 1
1115886 1 0.85826266 0
184157 1 0.92545456 1
8594 6 0.75216055 1
1152904 3 0.0715019479 1
1120211 3 0.68931806 1
28350 1 0.95252872 1
1152910 1 0.83082956 1
27627 0 0.06426158 1
649731 3 0.90741795 1
308920 4 0.989846408 0
289780 2 0.81684947 1
289781 2 0.73021078 1
19621 3 0.997594178 1
1129608 3 0.36630362 1
1365 3 0.99976927 1
103543 4 0.968067944 0
28387 1 0.95648032 1
28389 1 0.69278693 0
43698 3 0.80811167 0
54550 5 0.59085542 1
1129621 3 0.999947429 1
46536 3 0.21001248 1
1129629 2 0.992603123 1
294126 6 0.73523128 1
568857 2 0.95023823 1
447224 2 0.80125886 1
38537 4 0.94282371 1
1152975 5 0.80381316 1
34979 0 0.53407681 1
1104261 0 0.40599239 1
139865 3 0.94940293 1
56709 2 0.80510193 1
1128945 2 0.10070625 1
19697 3 0.34013981 1
107177 0 0.5080319 1
1131165 4 0.989465475 1
1128959 2 0.979465783 1
152219 3 0.996158838 1
184918 3 0.97306788 1
16008 4 0.989515543 1
1122425 1 0.997686744 1
928873 3 0.998647392 1
206259 1 0.8334704 1
714748 4 0.81526423 0
1131189 4 0.996031702 1
217115 0 0.8599869 1
560936 3 0.40655693 1
1131198 2 0.993331254 1
1128985 2 0.979304731 1
466170 3 0.30116934 0
429805 5 0.16843514 0
561674 3 0.11324806 1
654177 5 0.21141466 1
95225 0 0.75131321 1
37884 4 0.26748177 1
37888 4 0.89761066 1
1128997 2 0.90566111 0
545647 0 0.61650211 1
42207 0 0.7847783 1
42209 0 0.67785573 1
82920 2 0.999500513 1
128202 0 0.84004122 1
128203 0 0.55238622 1
1134056 3 0.26901513 0
1102873 3 0.87297928 1
42221 0 0.86640137 1
1107171 5 0.999987483 0
1133338 2 0.9474436 1
67633 5 0.96442318 1
375825 4 0.8004126 1
48781 2 0.98617631 1
75674 1 0.69251907 1
289088 3 0.44961816 0
1152244 5 0.97300017 1
13917 1 0.76693964 1
75695 3 0.984457314 1
34257 3 0.97818464 0
1117348 3 0.88125944 0
574710 2 0.998868585 1
34263 3 0.96196026 1
1128204 2 0.95937783 1
34266 3 0.96025926 1
1128208 2 0.992025554 1
1116629 3 0.86860567 1
110162 5 0.997457802 1
110163 5 0.996872962 1
110164 5 0.99998486 1
628751 3 0.983287215 0
708945 3 0.995568812 1
1123926 0 0.3988983 1
1152277 3 0.72252363 1
77826 5 0.78729844 0
77829 5 0.59186018 1
8617 3 0.33833995 1
242663 4 0.998921871 1
8619 3 0.50501412 1
628764 3 0.998618126 0
628766 3 0.92553312 1
1125393 5 0.980409503 0
66986 3 0.8708148 1
646913 2 0.988620043 0
578309 3 0.59411699 1
18251 5 0.47949266 1
1152290 0 0.23416394 1
954315 6 0.77178681 1
212107 4 0.67752653 1
578337 3 0.65477604 1
907845 3 0.990781128 1
1127530 4 0.992587745 1
1128267 1 0.90738487 1
28412 1 0.04305517 0
594387 2 0.999965906 1
1127541 3 0.08741166 1
44455 2 0.80255592 1
45188 0 0.8689366 0
45189 0 0.966325521 1
62607 6 0.84156364 0
1127551 4 0.78757578 1
1123991 4 0.47038949 1
1127558 4 0.999868274 0
105057 0 0.16360901 1
1128291 2 0.998003542 1
1127566 4 0.997667193 1
1154459 2 0.999955177 1
218682 5 0.89158028 1
28447 5 0.802001 0
1153736 0 0.21374777 1
62634 2 0.92284924 1
211432 0 0.57712871 1
112378 5 0.22088058 1
1113035 3 0.78717262 1
1118848 3 0.97392923 1
137790 0 0.26710537 1
217984 3 0.91354162 1
949217 3 0.999647021 1
28473 1 0.94279659 1
1104300 4 0.825039387 1
1105033 1 0.51889414 1
11093 4 0.17251937 0
696342 3 0.20089811 1
696343 3 0.08895718 1
696346 3 0.904009104 1
28487 1 0.88276315 1
5038 0 0.58351886 1
195150 6 0.95779556 0
62676 3 0.26118758 0
13213 1 0.0933447 1
576973 2 0.8353622 0
35797 3 0.918930531 1
134128 1 0.3136003 1
166825 5 0.94453925 1
175576 0 0.34011674 1
509379 0 0.17325613 0
1113084 3 0.49346936 1
53942 0 0.06461034 1
642621 4 0.87790895 0
1131236 4 0.999898672 1
1112369 3 0.995929897 1
446610 4 0.12007633 1
644093 4 0.996846378 1
411092 6 0.998971462 0
642641 4 0.50666177 1
408885 4 0.29262465 1
1131258 4 0.991686881 1
1131267 4 0.96979576 1
13269 4 0.66021758 1
1104379 3 0.991015494 0
1114502 2 0.99996984 1
1107215 5 0.91533321 1
83725 2 0.64213347 1
84459 0 0.1967859 1
642681 4 0.97365087 1
445938 4 0.725499392 1
1103676 3 0.990641415 0
1130568 3 0.94911426 0
1153003 3 0.212913334 0
51045 4 0.96890938 0
12576 2 0.996438026 0
144330 0 0.27881238 1
105865 3 0.74823987 0
51052 4 0.8171947 1
746058 3 0.87979466 1
1153014 4 0.51233166 1
641976 3 0.77522701 1
561789 4 0.66163737 1
1130586 3 0.93128818 1
368605 3 0.48094958 1
1133428 3 0.01870488 1
1113828 3 0.965928257 0
129042 5 0.96408921 0
129045 5 0.98302817 0
6539 0 0.73272759 1
1153031 3 0.28023201 0
1122580 0 0.16824962 1
1132706 5 0.5371235 0
1152308 5 0.997163475 1
105899 4 0.22579283 1
50354 3 0.49478403 1
1121867 0 0.818678677 1
1113852 0 0.21564598 1
1153056 1 0.98452431 1
94641 2 0.98327869 0
1153065 2 0.3701424 0
1133469 1 0.96460366 0
35070 5 0.57946885 1
576257 2 0.77689719 1
368657 3 0.83493245 1
1129018 2 0.980869949 0
263069 2 0.77696639 0
1129027 2 0.999416471 1
1152358 2 0.99979037 1
1125467 4 0.34374005 1
1125469 4 0.995509267 1
72101 3 0.96770191 0
40922 5 0.43185389 1
1153097 3 0.77953064 1
1109439 3 0.6972869 1
423463 4 0.989346564 1
128383 5 0.96824002 1
683360 4 0.94619453 0
1129040 2 0.9588874 1
52515 4 0.69128025 0
41666 0 0.29550985 1
1128319 2 0.996645629 1
1152379 0 0.93293375 0
1136342 2 0.92758709 1
1125492 2 0.9790628 0
1108728 6 0.76728731 1
265203 2 0.20659728 1
628888 3 0.88133979 0
1127619 6 0.70547295 1
56112 2 0.98172313 1
56115 2 0.992370486 1
56119 2 0.984954238 1
89547 0 0.85489058 0
51831 3 0.95771289 0
91038 4 0.37284064 1
96847 2 0.85205096 1
521855 4 0.77808535 1
594483 2 0.7495923 0
1119623 4 0.952040613 1
96851 2 0.89801407 1
1136397 3 0.922265708 1
158172 4 0.65258455 1
1127657 0 0.80152512 0
131315 3 0.75811255 0
131318 3 0.84004527 1
289945 3 0.73353034 1
62718 5 0.07907211 0
229635 2 0.981144726 1
56167 5 0.986922324 1
1119654 5 0.06934573 1
51879 4 0.09448856 1
10435 5 0.95137572 1
137873 4 0.952596664 1
168332 1 0.48535573 1
330208 3 0.72916746 1
689152 3 0.78860581 1
1120444 5 0.999460042 0
1153877 5 0.8993063 0
111770 4 0.60632491 1
1153879 5 0.36465588 1
108047 2 0.998177409 1
1131300 4 0.997148335 1
362926 6 0.0308641 1
129896 4 0.993252695 1
129897 4 0.89136219 1
59045 0 0.5712713 1
1153889 5 0.97946906 0
239810 5 0.97909099 1
20601 0 0.93255872 1
20602 0 0.91347128 1
416964 3 0.73076087 0
38722 0 0.3127881 1
72908 6 0.45546734 1
116081 6 0.42397511 1
1153897 2 0.92782062 1
116084 6 0.90566051 0
116087 6 0.91079164 0
1113182 1 0.22056456 1
1131330 4 0.976685166 0
582139 3 0.88196766 0
561809 4 0.982383847 1
14062 2 0.997632384 1
1104449 3 0.44321883 0
39474 2 0.66177309 1
27895 0 0.12120586 1
167670 4 0.09408111 0
1131345 3 0.60064614 1
1131348 3 0.34354866 1
14083 3 0.34878463 1
1103737 0 0.34410912 1
65650 0 0.76120895 1
93273 0 0.87945962 1
65653 0 0.92851341 1
5194 3 0.975318253 1
14090 4 0.47901127 1
1131360 2 0.999936819 1
1130634 3 0.68807155 1
976284 0 0.993228376 1
1130637 5 0.30384097 1
593022 2 0.95649147 0
1131374 2 0.996438742 1
975567 2 0.956567466 1
133550 3 0.979380548 1
145134 3 0.5666033 1
1130653 5 0.84430522 1
1130657 5 0.0839246735 1
1104495 3 0.30897287 1
133566 3 0.999246955 0
133567 3 0.94481641 1
1122642 3 0.999531746 0
1114629 1 0.99307704 0
91852 5 0.950046 1
91853 5 0.99564445 1
376704 5 0.10219049 1
1153101 6 0.919028461 1
32276 0 0.02063351 1
1130678 3 0.986015439 0
83847 3 0.72211653 1
8079 0 0.56180537 1
593068 2 0.994020104 0
285675 3 0.91538537 1
1130680 3 0.98414642 1
1106630 3 0.999544442 1
278394 3 0.5986926 1
285687 3 0.38063973 0
69284 2 0.991365194 0
6639 6 0.84292507 0
14807 0 0.0094384 1
152483 2 0.96565139 1
683404 4 0.999667406 1
593091 2 0.999797642 1
1117501 3 0.72327745 1
99023 3 0.49275282 1
99025 3 0.975897491 1
513189 2 0.98221201 1
1152421 2 0.999955177 1
1153150 6 0.919028461 1
99030 3 0.46106839 1
1105932 6 0.17520976 1
1153160 0 0.10218167 1
1106671 3 0.84749061 1
531348 4 0.973950684 1
577086 2 0.88986182 1
531351 4 0.973950684 1
25702 3 0.91027367 1
87482 3 0.93407917 1
135765 6 0.73966986 0
135766 6 0.69109982 1
1132864 4 0.79772121 1
22886 5 0.79590106 1
1118286 6 0.96575558 0
162664 4 0.97054607 1
1109542 4 0.34934574 1
1116835 3 0.88085032 1
1116839 5 0.46209049 1
1103016 3 0.47439483 1
1128425 3 0.974395275 1
1116842 0 0.92091888 0
1136446 3 0.999605477 1
1136447 3 0.998507202 0
27199 0 0.950122535 1
1125597 2 0.99192965 0
1132887 4 0.84903103 1
593813 2 0.999770701 1
594543 2 0.95954138 1
917493 3 0.9667027 0
1128430 5 0.999533653 1
51909 6 0.04892067 1
1108834 3 0.999507785 1
1128437 0 0.700545311 0
989397 0 0.998321593 0
97645 2 0.86547101 1
8832 5 0.82316273 1
1103031 4 0.999898195 0
346243 0 0.15449618 0
1119708 2 0.999281704 1
36620 5 0.84737062 0
25772 3 0.23614833 1
640617 2 0.82656884 1
8865 2 0.9170804 1
950986 3 0.996768355 1
35905 3 0.18599339 1
8875 2 0.966147304 1
25791 3 0.27146992 1
100961 3 0.72648656 1
738941 3 0.21715093 1
64271 5 0.87209415 1
3084 5 0.990625858 1
3085 5 0.73182458 0
28649 0 0.29328507 0
3095 5 0.92837149 1
3097 5 0.93338215 1
1153943 2 0.998589337 0
1121254 4 0.959989727 0
74427 3 0.90787786 0
231249 2 0.7860685 1
1105221 2 0.978487313 0
28674 0 0.0699782 1
1129907 4 0.949068666 1
650807 2 0.61009413 1
348437 0 0.32034284 1
1688 2 0.97270352 0
33013 1 0.69794124 1
38829 5 0.98659539 0
307015 2 0.87440449 0
127033 2 0.980573952 0
310742 4 0.973993659 1
1694 2 0.54952836 1
650834 2 0.511324763 1
1131420 3 0.999676943 1
193918 3 0.93220389 1
85324 3 0.93423206 0
642827 4 0.999895453 1
38845 5 0.95885676 1
193931 3 0.993570089 1
193932 3 0.998236537 0
4553 6 0.29141039 1
1116146 5 0.993095577 0
85352 2 0.999952674 1
261040 5 0.9143424 1
145215 5 0.1922096 1
646412 4 0.79633301 0
1131464 3 0.999983668 1
1131466 4 0.938133 1
574264 2 0.58691955 1
458439 0 0.25341177 1
57764 0 0.49410981 1
646440 4 0.960699081 1
1111899 5 0.86387146 1
521252 0 0.03444942 1
1115471 6 0.07374723 1
1123493 0 0.33838585 0
601462 2 0.94934863 1
421481 4 0.45520338 1
385572 3 0.88532597 0
30934 0 0.44402131 1
84695 3 0.91031468 0
189566 4 0.63178569 0
69397 0 0.42212892 1
6741 0 0.10257962 1
177998 2 0.83198297 1
395725 3 0.56815982 1
61417 6 0.80025995 0
54129 2 0.995629907 1
1118347 3 0.99293834 0
1106764 6 0.984190166 1
102406 0 0.6470136 1
75972 6 0.30081347 1
95579 1 0.99644959 1
54132 2 0.981575966 0
27243 0 0.56641877 1
1153262 4 0.85389471 0
1153264 0 0.05927106 1
30973 3 0.07729267 1
1129208 0 0.17745538 1
1106771 3 0.972311318 0
27249 0 0.33500871 1
95586 1 0.94707888 1
95588 1 0.74505842 1
255233 5 0.97960931 1
6775 3 0.94231427 1
129287 3 0.92040533 1
27250 0 0.45634082 1
19231 0 0.35234672 1
1153275 0 0.0119753592 1
1132948 3 0.39082485 1
1106789 4 0.72371209 1
95597 1 0.77997178 1
6784 3 0.69903308 1
682815 2 0.999781787 1
1153280 2 0.999955177 1
148170 2 0.48314211 1
263279 2 0.94118458 0
1116922 6 0.978417933 1
1152564 5 0.991495848 1
1118388 5 0.999445498 1
851968 3 0.84628963 0
3101 5 0.989889205 1
1129243 1 0.968668044 0
170798 5 0.63778293 0
3112 5 0.97018862 1
503877 2 0.989866853 0
17821 1 0.60197526 0
503883 2 0.98451209 0
561238 2 0.999997973 1
1110438 3 0.19410013 1
575795 2 0.71732855 1
1116974 3 0.97812963 0
272720 0 0.70501602 1
415693 2 0.83913761 1
18582 2 0.98337501 0
11325 6 0.03579123 1
11326 0 0.25200692 1
1103162 1 0.93165338 1
1111186 3 0.91541481 1
578645 2 0.997848868 0
578646 2 0.991225183 1
578649 2 0.999729812 1
1121313 5 0.998698473 1
11335 6 0.1100665 0
1102442 0 0.44811964 1
11339 0 0.49337399 1
52784 0 0.77247465 1
11342 0 0.44879133 1
1130080 3 0.88891768 1
3191 4 0.995076001 1
3192 4 0.974071264 1
400455 3 0.83493245 1
1135899 3 0.42941302 1
591017 6 0.968359649 1
751408 3 0.43864739 0
1140230 3 0.16943868 1
1140231 3 0.95451498 1
1106052 5 0.8428545 1
70970 2 0.97286904 0
67245 3 0.86755151 1
67246 3 0.9531998 1
205196 3 0.993673682 1
135130 1 0.00321911229 1
123556 3 0.50921214 1
645084 4 0.980018437 1
1786 6 0.06302315 1
66556 2 0.89815581 0
1130808 3 0.36800122 1
4649 6 0.90371472 1
582343 0 0.53139699 1
395075 2 0.983769476 1
582349 3 0.38026071 0
20833 5 0.92155105 0
1131549 2 0.962934077 1
58552 3 0.86600238 1
85449 3 0.52111959 1
49811 0 0.60151815 1
77438 4 0.88245821 1
4660 0 0.44310901 1
66594 0 0.58926606 1
66596 6 0.10003711 1
314459 3 0.82875425 1
1116268 0 0.985101223 0
1103960 2 0.99837625 1
49843 6 0.72300404 1
1103969 4 0.991414487 1
593240 2 0.989030063 1
207395 5 0.98898846 0
593248 2 0.999916196 1
943087 0 0.31502873 1
7532 3 0.64568335 1
7537 3 0.52451527 1
25181 3 0.62694079 1
25184 3 0.76984698 0
16437 3 0.93032503 1
1103985 2 0.93883055 1
6814 4 0.6827957 1
6818 4 0.8846041 0
1154042 3 0.00644417 1
23738 0 0.49358171 1
1107558 4 0.11370498 0
137359 6 0.8962658 0
16451 3 0.983651876 1
318071 4 0.23769547 1
232860 3 0.26103812 1
1107572 0 0.924842179 1
49895 6 0.56501436 1
16474 3 0.94264984 1
1154076 2 0.999044836 1
626999 3 0.95743072 0
137380 6 0.23800051 1
1119178 5 0.9143523 1
33904 2 0.995904863 0
1119180 5 0.58007151 1
33907 2 0.992278814 1
174418 0 0.04414884 1
70281 3 0.82590336 1
73119 4 0.71391445 1
9716 0 0.16169262 1
174425 0 0.08398864 1
416455 2 0.999879837 1
18615 6 0.5225994 1
127940 3 0.998872459 0
1152663 1 0.61274242 1
675649 3 0.94029325 1
1117760 1 0.09968608 1
1138091 5 0.45242807 1
1152673 3 0.72252363 1
321004 2 0.38919061 1
139547 3 0.998850226 1
45533 3 0.88269156 1
3217 0 0.47735265 0
1111240 3 0.999995589 1
523574 4 0.952394962 0
1110515 2 0.998411059 1
73162 4 0.82456028 1
52835 6 0.10965078 1
3220 3 0.03821629 0
3223 0 0.78789812 0
1129367 2 0.991204143 1
1129368 2 0.993189216 1
1129369 2 0.95287442 1
84021 2 0.59532857 1
1127913 2 0.9459151 1
3233 4 0.18024042 1
3235 4 0.28501648 1
3236 0 0.35532805 1
562067 4 0.990679204 1
3240 0 0.14060321 1
92065 3 0.73526615 1
213246 3 0.72881192 0
911198 3 0.999865651 1
12158 0 0.90717244 1
20178 5 0.89999753 1
20179 5 0.69630843 1
80491 3 0.39746103 1
561364 4 0.986419261 1
20180 5 0.62699342 1
245955 1 0.89521837 1
1102548 5 0.37497014 1
1817 2 0.94877207 0
31043 3 0.91705567 1
1102550 2 0.97939533 1
20193 5 0.98734611 0
1110579 5 0.999163628 1
213279 3 0.85883075 0
1133010 4 0.981808126 0
157761 0 0.67903554 1
31055 3 0.88613147 0
12194 0 0.3996563 1
1133028 0 0.25510338 1
578780 2 0.998386979 1
12198 0 0.86706626 1
12199 0 0.949457586 1
90655 3 0.95403528 1
6130 3 0.95253855 1
337766 5 0.76536673 0
112787 5 0.97955292 0
1133047 2 0.08493021 1
1105428 6 0.07563782 0
785678 2 0.86847448 0
644441 4 0.92950636 1
672064 3 0.38345554 1
41216 3 0.31406733 1
1105433 4 0.999202073 1
1113459 1 0.999254882 1
55770 5 0.94470787 1
6163 1 0.72590494 1
259701 2 0.93763798 1
259702 2 0.985785782 1
1131607 4 0.88764 0
430329 3 0.92216808 1
643734 3 0.74366468 1
643735 3 0.36554146 1
656048 5 0.56522572 1
1131611 0 0.79229772 1
617575 3 0.62283587 1
1105450 0 0.996184409 1
15076 3 0.84352177 0
10793 0 0.80720544 0
1117049 2 0.44557092 0
647315 2 0.86876869 0
33231 4 0.847011447 1
1116328 3 0.11336155 1
1104749 2 0.12833035 0
594025 2 0.87960625 0
315266 4 0.719115615 0
643777 3 0.77230269 1
1130927 3 0.78225702 1
1132385 0 0.933223069 1
1108329 5 0.998674631 0
1130929 3 0.08927765 1
1104769 4 0.02716852 1
594047 2 0.83537519 1
1130931 3 0.83536893 1
1130934 3 0.02788715 1
141868 5 0.21517396 1
593329 2 0.93755454 1
144701 2 0.95120406 1
574462 2 0.98630375 1
60170 3 0.6621263 1
120039 5 0.61358839 1
502574 5 0.16747835 1
293974 4 0.948662102 1
1119216 4 0.49947554 1
1108363 5 0.996669829 1
191216 3 0.8531878 1
469504 3 0.965313375 1
358866 4 0.93516827 0
1116397 5 0.999879837 0
191222 3 0.80263829 1
36145 3 0.28239718 1
1115677 3 0.36926216 1
577331 2 0.81228811 1
31863 4 0.952263772 0
566488 5 0.86574423 1
358887 4 0.89431942 0
6935 6 0.8677274 1
6939 6 0.73358929 1
197783 3 0.98536855 0
34708 3 0.25408578 1
1107674 2 0.999968648 1
248119 0 0.977737665 1
318187 6 0.74515766 0
1152714 3 0.999911189 0
1154173 4 0.31545666 1
300071 4 0.0503405146 1
1120020 1 0.984059095 0
423816 2 0.96361095 1
1106966 1 0.5622384 1
148341 2 0.85935163 1
136766 6 0.21282576 1
325497 1 0.61092889 1
136767 0 0.27558848 1
136768 6 0.14849637 1
409255 3 0.45253584 1
1152740 1 0.995206892 1
1117833 5 0.96164364 0
309476 0 0.26202559 1
1120059 3 0.996964395 1
80515 3 0.66425151 1
65212 3 0.02507718 1
15892 5 0.97101331 1
1120084 3 0.974821627 0
576691 2 0.997532964 1
148399 0 0.998457193 0
175291 3 0.70175397 1
1112071 4 0.986783504 0
117 1 0.83188832 0
157805 0 0.62814534 0
300806 3 0.16837135 1
31105 3 0.445582 1
154982 4 0.33577332 1
141160 3 0.88674313 1
112813 5 0.98349297 1
98693 2 0.98094869 1
98698 2 0.67647427 1
192734 0 0.96326977 0
12247 0 0.98098594 1
1109891 3 0.994782269 0
141171 3 0.66497505 1
312409 3 0.3606236 0
608190 2 0.66105586 1
608191 2 0.87825251 1
55801 5 0.96909922 1
1136791 2 0.982365549 1
815073 3 0.48444864 1
1114222 4 0.574893594 1
173884 4 0.987766862 1
1102646 3 0.10432866 1
63832 2 0.997468233 1
211906 0 0.4871462 1
83449 5 0.86604047 1
2654 0 0.6853804 1
815096 3 0.73685145 1
277263 6 0.23865417 1
1105505 3 0.46499649 1
48550 3 0.948624015 1
83461 6 0.33512676 1
48555 3 0.67243838 1
6238 0 0.43110967 1
636500 0 0.00278029288 1
340078 3 0.984384537 1
1113534 3 0.34520417 1
578898 2 0.73663449 0
1951 5 0.78066909 1
1952 5 0.77469242 1
1956 5 0.2300594 1
636511 3 0.998475373 1
463825 0 0.964111209 1
1121569 3 0.7893151 0
1105531 4 0.997160316 1
14428 4 0.90209979 1
14429 4 0.93500954 0
74749 0 0.22336863 0
14430 4 0.87993908 1
14431 4 0.990007639 0
1132434 3 0.94879746 1
648121 3 0.95804703 1
582511 0 0.61650211 1
688849 3 0.09170397 1
1997 4 0.36819232 1
1131728 5 0.20427927 1
1106298 0 0.54475516 1
86359 1 0.95565689 1
647413 2 0.96041679 1
1120880 3 0.990789115 1
1131734 2 0.988786757 0
562940 6 0.41233665 1
230879 3 0.37995294 1
1104851 0 0.985432923 0
1152075 0 0.24472094 1
58758 2 0.91272283 0
230884 3 0.28855145 1
34082 4 0.79066473 1
1132486 3 0.32619998 1
39890 4 0.99815172 1
66782 6 0.23965988 0
218410 1 0.36371711 1
647447 2 0.74446195 1
1117184 5 0.98801291 0
66794 4 0.27912652 1
227178 2 0.979318023 1
936 5 0.85941911 1
940 5 0.45616698 1
575292 2 0.949287951 1
941 5 0.58502972 1
1109185 3 0.955387294 1
85688 6 0.15624511 1
28202 1 0.88336575 1
50807 2 0.14039858 1
379288 5 0.43889919 1
1154229 4 0.999812424 1
1109199 2 0.35979158 1
118682 4 0.992418885 1
153598 1 0.88949174 0
1154251 3 0.72252363 1
62417 4 0.2237334 1
1125909 4 0.991066992 1
79809 0 0.04230468 1
739280 3 0.59832186 1
70441 5 0.995982528 1
70442 5 0.80800998 1
70444 5 0.91476709 1
79817 4 0.85255075 1
129558 5 0.93695021 0
892139 1 0.974676967 0
576725 2 0.81235528 1
28254 3 0.24495636 1
1246 1 0.05343227 0
237376 0 0.80806768 1
27531 3 0.69363523 1
397488 2 0.994536757 1
42847 3 0.962480009 1
42848 2 0.09026965 1
155736 0 0.50163192 0
155738 0 0.49789888 1
39124 5 0.15200898 1
39127 6 0.26159164 1
39130 5 0.39082295 1
1153577 2 0.999987364 1
335733 2 0.8417421 0
28290 1 0.0152269127 0
18815 5 0.04397088 1
1136814 2 0.991643369 1
1120169 0 0.37280315 0
82087 2 0.99905163 0
178209 6 0.87958193 1
139738 3 0.9121846 0
82090 2 0.82344121 0
18834 1 0.94383591 1
39165 4 0.95766991 1
190698 3 0.02756728 1
1125992 5 0.999658346 1
1109957 1 0.966821373 0
46470 0 0.74362367 0
46476 6 0.1408703 1
1129570 2 0.77572787 1
1071981 1 0.2190311 1
1129573 2 0.995169699 0
39199 3 0.82301772 0
12337 3 0.49408007 1
29723 4 0.41393468 1
694759 2 0.50416619 1
46491 0 0.69490921 0
1128856 6 0.997237325 1
1107010 5 0.989403009 0
643199 2 0.95676517 0
1104182 1 0.80295151 1
12347 3 0.8466751 0
63915 3 0.35262111 0
519353 4 0.93857753 1
608292 2 0.985009968 0
1121603 3 0.92561692 1
1130356 0 0.25516033 1
12359 3 0.88708448 1
192850 0 0.71514547 1
7032 4 0.57162356 0
1128881 6 0.05713799 0
140569 3 0.996566653 1
1114331 2 0.999843597 1
7041 3 0.85858971 0
561581 4 0.930830061 1
561582 4 0.84923017 1
192870 3 0.73207825 1
1113614 1 0.40663651 1
1102761 5 0.983567 0
116528 0 0.21246442 1
561595 4 0.71451563 1
94416 6 0.83188915 0
5600 5 0.96975112 0
1000012 6 0.971950114 0
1114364 3 0.998973608 1
1121659 4 0.81788868 1
66809 1 0.37263918 0
6343 5 0.95313233 1
212777 6 0.85567689 1
583318 2 0.97566211 1
709518 3 0.2311822 1
350319 3 0.89768684 0
116553 2 0.995047569 0
170338 1 0.93743908 1
179706 3 0.25668579 1
1112929 3 0.997290492 0
656231 5 0.70344424 0
14531 5 0.45299301 1
1106370 3 0.80644983 1
1109208 2 0.68133485 1
1114398 3 0.90679049 1
95188 5 0.98513991 0
510718 4 0.998334348 1
208345 5 0.994751632 0
6378 1 0.86462748 0
22563 3 0.11862506 1
10981 3 0.51884484 1
110041 2 0.79132181 1
14549 0 0.19891886 1
95198 5 0.78306615 1
6385 1 0.92959452 1
575331 2 0.997087181 1
568045 6 0.99948597 1
1136110 3 0.74498987 1
1131828 5 0.58205062 1
67584 4 0.98265487 1
243274 3 0.99995482 1
135464 3 0.70713508 1
1105672 3 0.79073024 1
93755 0 0.26065052 1
756061 3 0.92180175 1
522338 4 0.68129468 1
219239 0 0.74466956 1
61073 2 0.59972614 1
262178 2 0.89474219 0
686015 3 0.02229359 1
1110024 5 0.996082127 1
613409 4 0.72239405 1
686030 3 0.86041385 1
227286 3 0.9237957 1
45061 0 0.61384571 1
646836 2 0.93963856 1
1108551 0 0.25741178 1
13885 3 0.74471319 0
1104999 2 0.999772847 1
566653 5 0.40907532 1
1127430 2 0.98814511 0
299197 3 0.999787033 1
1135455 3 0.18082576 1
97377 0 0.28978363 1
592826 6 0.0940937 0
566664 5 0.51252383 1
633030 4 0.33669704 1
633031 4 0.33669704 1
686061 0 0.0022235557 0
592830 6 0.16813897 1
573964 2 0.94963658 0
1155073 6 0.974805653 0
17476 1 0.94482636 1
17477 2 0.47927055 1
190706 2 0.79648727 0
28336 2 0.97542167 1
573978 2 0.999615073 1
1107861 0 0.77556878 1
17488 1 0.5431478 1
1128198 2 0.998101294 1
1108597 5 0.4560762 1
103515 2 0.98055685 1
27623 3 0.20513448 1
200480 5 0.994087219 1
103529 5 0.988454044 1
649730 3 0.98630476 0
39210 3 0.973823965 1
46501 0 0.20636088 1
27632 1 0.38109756 1
649739 3 0.986536324 1
1119471 0 0.998825252 1
103531 5 0.93704242 1
470511 5 0.96513522 1
509233 0 0.81913042 0
236759 3 0.731578708 1
237489 3 0.79566616 1
1152944 1 0.991730988 0
1118764 0 0.76752561 1
643221 4 0.993938684 1
212097 4 0.78398091 0
608326 2 0.45694703 1
643239 4 0.92872107 0
1131116 2 0.999213696 0
202639 3 0.973198593 1
141324 2 0.90944237 1
294145 6 0.990176141 1
1128927 6 0.07434864 1
561610 4 0.49335918 1
561611 4 0.36100075 1
147870 3 0.90838748 0
248395 3 0.82295918 1
1128935 6 0.10239961 1
241133 0 0.01944844 1
141342 2 0.85996431 1
141347 2 0.93202585 1
1128946 2 0.999069273 1
1131164 4 0.988167346 1
12439 3 0.60693783 1
1131167 4 0.94702142 1
1129683 2 0.940754473 1
359067 5 0.999849319 1
117315 2 0.96029115 1
117316 2 0.92428231 0
144212 2 0.90054351 1
1106401 0 0.975682259 0
1134022 2 0.59433311 1
13193 1 0.73167586 1
1131192 4 0.995712996 1
1107136 2 0.94009101 1
1131195 3 0.982183456 1
1128982 2 0.993932545 1
121792 3 0.11770092 1
653441 4 0.89983928 1
385251 0 0.80957866 1
1126011 4 0.990644217 0
1134031 6 0.00424306 1
642593 3 0.47338971 1
1115166 5 0.9110238 1
737204 3 0.6054461 1
118079 1 0.00132810301 0
1122460 3 0.19493073 1
1114442 2 0.999851108 1
589923 4 0.965847313 1
1121739 1 0.94502395 0
626574 4 0.999604285 1
1126037 3 0.91852301 1
645452 4 0.34584951 1
753264 0 0.62753093 1
1126044 3 0.979655087 1
74920 4 0.84380603 1
74921 4 0.84584612 1
1105718 3 0.168253452 1
48764 1 0.22144048 1
48768 1 0.12091761 1
1113742 2 0.995199561 1
74937 3 0.10578721 1
575402 2 0.8598699 1
168958 3 0.02844023 1
78508 3 0.45846221 1
289085 3 0.87106532 1
78511 2 0.52998382 1
308232 6 0.04632724 0
682508 4 0.9704659 1
75691 3 0.81895047 1
75693 1 0.13187681 1
75694 1 0.07416026 1
155158 6 0.42048302 1
1105764 1 0.39059007 1
1152259 4 0.991380274 1
579008 2 0.995624006 1
1128201 2 0.85666591 1
1133390 0 0.77894109 1
1118083 3 0.988129497 1
78549 3 0.987893522 1
604073 3 0.70193094 1
595056 2 0.999389768 0
1118092 1 0.986339688 0
1125386 0 0.761619985 1
78552 3 0.48055309 1
78555 3 0.58182341 1
78557 3 0.84498012 1
646900 2 0.997118592 1
595063 2 0.969574809 1
648369 3 0.25626257 1
1128227 2 0.998654962 0
89416 4 0.78244919 0
578306 3 0.44134235 1
683294 4 0.90384614 0
440815 4 0.73912311 1
126867 5 0.88069165 0
126868 5 0.74647093 0
72056 3 0.78504789 1
1119505 2 0.996719182 1
1128256 0 0.71534389 1
1108656 5 0.47067669 1
71336 3 0.16129841 1
1109392 3 0.88823354 1
40886 3 0.51137316 1
1115959 3 0.982070982 1
578347 3 0.59165108 1
284023 3 0.90408534 1
345340 1 0.978654563 1
621555 3 0.07342314 1
118873 3 0.92648292 0
8687 6 0.50694203 1
226698 3 0.68303406 1
578365 3 0.32323468 1
1135589 3 0.69840235 1
8696 0 0.68922257 1
1118823 0 0.982587159 1
411005 3 0.98855561 0
509315 2 0.96534592 1
171954 0 0.85583019 1
230300 1 0.91720349 1
1105011 4 0.79472488 1
1121057 5 0.93850982 0
592973 2 0.77017307 1
592975 2 0.99136132 0
48066 0 0.70374227 0
248431 2 0.95438969 1
1121063 0 0.6719777 1
592986 2 0.98310101 1
48075 6 0.02293593 1
289885 4 0.8659119 1
592993 2 0.9657011 1
592996 2 0.95970261 1
28489 1 0.45984527 1
590022 4 0.944781721 1
111676 5 0.37892991 1
13205 1 0.61846608 1
13208 1 0.59408474 1
102938 3 0.99818629 1
102939 3 0.94351745 0
416867 0 0.73130673 1
72805 6 0.81302512 0
574009 2 0.94820762 0
294239 3 0.88249147 1
1131223 4 0.973183155 1
77108 0 0.76956552 0
5064 5 0.98695499 1
5069 5 0.97071004 1
1131230 4 0.938181996 1
40125 4 0.0174279902 1
1123215 0 0.75887871 1
20526 1 0.96293926 1
20528 5 0.14529589 0
77112 0 0.75527883 1
107251 0 0.85053211 1
107252 0 0.96193701 0
5075 5 0.8646034 1
126128 3 0.93820351 1
734406 3 0.31524962 1
40131 3 0.81687278 0
703953 4 0.91849124 1
40135 3 0.66463178 0
1131257 4 0.973502994 1
1123239 3 0.93296182 1
1129778 2 0.992478371 1
662250 3 0.08567835 1
711994 3 0.7851814 1
273949 0 0.00408852426 1
1131266 4 0.91370344 1
1130539 5 0.999230742 1
377303 2 0.33129621 0
179180 3 0.85181111 1
1129798 2 0.7411955 1
1114512 6 0.993868649 0
1110950 5 0.994981706 1
12558 2 0.43040946 1
853114 3 0.66119307 1
853115 3 0.58696258 0
853116 3 0.82073176 0
853118 3 0.86560577 1
1114526 0 0.6466403 1
212930 3 0.987142444 1
206371 2 0.997483313 1
105856 3 0.96572387 1
463 5 0.32833236 1
20592 3 0.47595707 0
51049 4 0.80716634 1
20593 3 0.605382621 1
83746 3 0.72016352 1
124734 0 0.91790861 1
106590 4 0.91408545 1
1133417 4 0.995675504 1
1125402 4 0.986557782 1
1153024 4 0.95343447 1
853155 3 0.92421377 1
1118120 3 0.90684265 1
1105810 5 0.995697141 1
1113831 2 0.999707162 1
646289 4 0.64427578 1
1106546 4 0.981923282 1
31479 4 0.69114733 1
31483 4 0.83657497 0
31489 4 0.7178787 1
94639 2 0.94011873 0
631015 3 0.62029582 1
645571 4 0.88872063 1
1106568 3 0.984870076 1
430711 3 0.70542556 1
7296 3 0.96853304 1
1132731 2 0.99988687 1
1153064 0 0.23007365 1
93923 6 0.68378299 0
1134197 3 0.972577333 0
87363 2 0.986038268 1
395540 4 0.01553072 1
395547 3 0.395634651 1
50381 0 0.67008948 0
1129015 2 0.75491393 0
126909 4 0.80197889 1
143676 3 0.99818629 1
395553 3 0.4988929 1
752684 3 0.84736103 1
1129021 2 0.9661423 1
19045 2 0.95376033 1
631052 3 0.988717198 0
126912 4 0.79925597 1
116790 4 0.79334038 1
5869 3 0.60382473 0
579108 2 0.70187181 1
683355 4 0.999807894 0
1105877 4 0.992774129 1
59772 3 0.17864284 0
243483 2 0.95728475 0
126926 4 0.65060931 1
155277 4 0.09194414 1
1128314 2 0.986267447 0
1105887 6 0.31125513 1
1110209 4 0.80458599 1
307656 2 0.86160034 1
199571 3 0.2673113 1
1152394 3 0.06816772 1
60560 3 0.31211007 1
595193 2 0.97295028 0
990075 5 0.61896074 1
119686 3 0.9055351 1
1154520 3 0.5395003 1
28504 1 0.85157138 1
1154524 6 0.94571859 1
1154525 6 0.989041626 1
1129096 1 0.981277168 0
1128369 2 0.990854502 1
96845 2 0.82530475 1
380341 3 0.26728278 1
8766 6 0.81621134 1
1110256 0 0.976623178 0
55403 6 0.69326937 0
389715 0 0.86495888 1
1153816 2 0.970922828 0
131317 3 0.70430464 1
260979 0 0.13563304 1
264556 3 0.52624929 1
35852 1 0.2137377 1
1119671 3 0.75742429 1
1153853 2 0.999348819 1
1112417 4 0.876579106 1
1153860 2 0.998814344 1
1153861 3 0.99644345 1
35863 1 0.50264132 1
1121176 5 0.9745788 1
1131301 4 0.999005497 0
1131305 4 0.969545007 1
1105148 1 0.972944319 1
134219 2 0.39097252 1
671052 3 0.90979338 1
1131312 4 0.998057187 1
156794 4 0.58671623 1
1153896 2 0.95372331 1
1153899 2 0.991897047 1
167656 0 0.861091435 1
239829 5 0.31816524 1
1104435 4 0.32668903 0
187260 5 0.87407148 0
231198 3 0.75656533 1
1131334 4 0.975784779 0
1131335 4 0.96419162 1
142268 4 0.84950894 1
504 4 0.55229878 1
506 4 0.77937675 0
228990 3 0.28808191 0
228992 3 0.3931278 1
1132073 3 0.03099723 0
654326 2 0.48997453 1
1116044 4 0.36848223 1
1131359 2 0.999901295 0
643485 4 0.86557895 1
654339 2 0.50395077 1
1107319 0 0.972503603 1
132821 0 0.39844567 1
360028 0 0.75848103 1
214472 1 0.03841794 0
646334 4 0.95476377 1
653628 6 0.08630692 1
1107325 5 0.63102859 1
166989 0 0.54534888 1
1111788 0 0.10211586 0
151708 3 0.79379791 1
118259 1 0.66619027 1
32260 0 0.32718435 1
137130 4 0.38752818 1
92589 4 0.89939243 0
118260 1 0.91800153 0
124828 3 0.981197774 1
141596 3 0.74332291 1
197452 3 0.20310608 0
646357 4 0.95476377 1
1153106 3 0.96826017 0
30817 3 0.66925895 1
642798 4 0.90395409 0
1130676 3 0.992072999 1
1107355 1 0.49481153 1
1118209 0 0.945854425 1
987188 3 0.99913615 1
87417 2 0.6164856 1
23545 0 0.06186475 1
23546 6 0.68545169 0
1113926 3 0.68635952 1
94713 4 0.971334875 1
1107367 5 0.838230968 1
987197 0 0.79530299 1
521183 5 0.8779552 1
1114664 5 0.54395294 1
69296 2 0.998925269 1
51180 0 0.7324481 1
43165 3 0.81213957 1
1132815 3 0.94328851 1
1107385 3 0.81927967 1
100197 3 0.95776898 0
520471 6 0.27165517 1
215912 3 0.54339367 1
61312 2 0.46083131 1
1129106 5 0.97512573 1
43186 3 0.4637135 1
1129111 3 0.48668733 1
41732 1 0.57149196 1
22869 5 0.95408064 1
9513 0 0.96144813 1
9515 0 0.60605472 1
119712 2 0.83734363 1
270456 3 0.21572915 0
5959 5 0.11718909 1
576362 2 0.81576735 1
1153183 0 0.10759838 1
22874 5 0.98239291 1
22875 5 0.98160648 1
22876 5 0.999916792 1
1124837 4 0.16978776 1
1132857 4 0.999119461 1
594511 2 0.49692619 1
22883 0 0.07049077 1
238401 0 0.42783877 1
1136449 3 0.90219021 1
714208 4 0.49912736 0
9559 6 0.28400171 1
135798 5 0.27646449 1
1152490 3 0.99644345 1
1109566 0 0.02730166 1
1103038 5 0.00303615606 1
177115 5 0.5714047 1
523394 4 0.986087382 1
1128453 2 0.903484225 0
1109581 4 0.953940213 1
101660 6 0.86716014 0
101662 0 0.16099751 1
9581 4 0.65495503 0
9586 2 0.116372 1
1135750 3 0.0137314526 1
51934 3 0.6376406 0
762980 3 0.9510904 1
1153900 2 0.21105014 0
593859 2 0.97874075 0
714256 4 0.983834147 1
8874 2 0.9359594 1
25794 3 0.11541208 1
75121 5 0.34271854 1
28632 0 0.29782653 1
1153922 3 0.992657959 1
1119742 4 0.95104295 1
63549 3 0.19886465 1
1138619 6 0.70321155 1
1102364 4 0.82042807 1
28640 0 0.40071046 1
28641 0 0.88121963 1
409725 6 0.979588926 1
292277 2 0.61090589 0
606479 2 0.45188895 1
1153942 2 0.887090981 1
1153945 2 0.999755919 0
1153946 3 0.999243855 0
709113 6 0.07483351 1
194609 3 0.88070744 1
90470 4 0.77425969 0
820661 3 0.97111952 1
820662 0 0.93749535 0
1105231 2 0.8628515 1
73712 3 0.35011494 1
54844 0 0.3362892 1
684972 4 0.64129966 1
134314 4 0.37151262 1
735303 2 0.464266 1
824245 3 0.16604576 1
195361 1 0.75209862 1
529165 3 0.977786481 1
1131414 3 0.10556983 1
617378 3 0.36706883 1
1120563 5 0.998814821 1
47570 5 0.62469631 1
684986 3 0.31594983 1
735311 3 0.24008243 1
187354 6 0.8872214 1
1132157 4 0.347815752 1
58436 5 0.38855964 0
278403 3 0.53033352 1
58453 2 0.2251237 1
58454 5 0.48705858 1
206524 6 0.07475495 1
593104 2 0.71319216 1
133628 0 0.81416869 0
46887 3 0.66092789 1
49720 4 0.62970597 0
1131471 5 0.2089607 1
643597 4 0.48159003 1
1107418 2 0.997265697 1
1129994 4 0.998747826 1
573535 0 0.55272353 1
814836 6 0.53372073 1
1119004 3 0.94285738 0
1134320 4 0.3578566 1
1116181 0 0.03841852 1
1108167 0 0.998547614 1
1108169 3 0.999981761 1
49753 4 0.62970597 1
57773 6 0.65525293 1
7430 1 0.96310234 1
521251 5 0.953506172 1
593155 2 0.67860687 1
642894 4 0.988520741 1
1126315 3 0.999735057 1
1108175 3 0.9603945 0
1059953 0 0.29195547 1
521269 5 0.73176712 1
1118302 6 0.95662367 0
1130780 4 0.961653054 1
1134346 4 0.8139565 0
1134348 4 0.979507506 0
1135082 3 0.92988038 1
899085 6 0.98280543 1
124952 4 0.92544782 1
240791 2 0.451080918 1
189571 4 0.85031539 1
189572 4 0.94371754 1
1126350 0 0.994640827 1
189574 4 0.92733771 0
177993 2 0.92870307 0
27230 6 0.83328563 1
1119078 0 0.983235657 1
128540 2 0.951538801 1
308529 1 0.79119706 1
54131 2 0.98195112 1
75983 3 0.80664855 1
15670 2 0.4292804 0
33818 3 0.961006582 1
95594 1 0.9063012 1
6782 0 0.54475844 1
33823 3 0.74867392 0
25805 0 0.9335379 0
1153287 1 0.997962594 1
596075 5 0.75682491 1
817774 3 0.76616955 0
18532 3 0.16260338 1
18536 3 0.27533704 1
235670 6 0.75362039 1
235678 6 0.72292298 1
235679 6 0.79510272 1
739707 3 0.85531408 0
17811 2 0.5253309 0
503871 2 0.044396285 1
235683 6 0.53226173 1
1128531 6 0.94215238 1
594649 2 0.993833899 1
1128536 0 0.972660661 0
1102400 0 0.89321756 1
593921 2 0.989864051 0
486840 2 0.69834769 1
1127810 3 0.962913632 1
503893 2 0.97964132 0
399370 3 0.83262187 1
387795 2 0.951538801 1
220420 2 0.82648116 1
593942 2 0.9368394 1
8961 1 0.03961963 1
645016 4 0.62776369 1
481073 1 0.97315353 1
11337 0 0.40259191 1
578650 2 0.97309285 1
1130069 3 0.57550287 0
1127851 6 0.999293327 1
124224 3 0.42451048 1
37483 5 0.5896582 0
578669 2 0.974114 1
1127863 6 0.38951871 1
1135894 3 0.0765559822 1
645046 4 0.90142995 0
22229 2 0.993694365 0
149669 4 0.87379003 1
365294 1 0.69421691 1
169279 3 0.97280055 1
1138755 3 0.64258146 1
323128 0 0.74139327 0
22241 2 0.976888835 1
156977 3 0.938910842 1
763010 3 0.94222963 0
1120650 6 0.980704725 1
1105344 3 0.50095135 0
59244 5 0.85808754 1
286500 2 0.962702334 0
567005 3 0.8962478 0
644361 4 0.37408975 1
644363 4 0.43028837 1
154023 3 0.24956253 1
286513 2 0.83210552 1
459206 2 0.94280398 1
671269 3 0.96491444 0
1105360 6 0.20960839 1
1112650 4 0.68376309 1
632796 4 0.88875252 1
47682 3 0.013988 1
47683 5 0.965554357 0
47684 5 0.99571687 1
4637 0 0.61185861 1
642920 3 0.87793237 0
634902 2 0.995290518 1
459213 2 0.96503055 1
459214 2 0.994740188 1
634904 2 0.995487273 1
459216 2 0.980377972 0
20821 6 0.83818865 1
178718 2 0.98242217 1
1108209 2 0.732206702 1
1112665 3 0.1646025 1
1104647 2 0.99826175 1
1140289 3 0.948512971 1
66563 2 0.97376686 1
67292 3 0.89517242 0
66564 2 0.68328524 1
154047 3 0.24956253 1
642930 3 0.95900387 1
654519 2 0.20204347 1
178727 2 0.996790588 1
1135108 4 0.92030662 1
593201 2 0.814758 1
162075 3 0.60494465 1
593209 2 0.88755423 1
107569 3 0.89379174 0
1123530 2 0.999992251 1
1135115 3 0.73147744 1
1132285 0 0.30801505 1
1131557 2 0.991750062 0
162080 3 0.65874046 1
3932 5 0.79767454 1
593210 2 0.999506593 1
118424 3 0.81922704 1
1135122 3 0.986516953 1
634938 2 0.92834878 0
1131565 3 0.930778444 0
20857 6 0.63703001 1
118435 3 0.80520964 1
118436 3 0.999266803 1
643695 4 0.84269249 1
1130847 2 0.996255636 1
1111978 4 0.514401972 1
1154012 4 0.999969244 0
1108258 5 0.993665218 1
49844 6 0.964054227 1
49847 6 0.76408142 1
189620 4 0.94766563 1
189623 4 0.8271659 0
1108267 5 0.998913407 1
1050679 2 0.993093371 1
634975 2 0.999997377 1
1114838 0 0.21178785 1
577227 2 0.85369605 0
28026 5 0.72199124 1
601561 6 0.02229245 1
24476 4 0.8783741 0
1026 2 0.96092248 0
95642 5 0.53219163 1
270600 3 0.31525549 1
145384 1 0.89929438 1
16461 3 0.95230728 1
35335 3 0.23362711 1
1138027 5 0.958652496 0
1035 1 0.01447891 0
1114864 5 0.32004943 1
1154068 4 0.998401225 0
449841 6 0.95451325 1
1154071 4 0.21492615 1
1106854 3 0.44549829 1
210309 0 0.58875787 0
801170 2 0.987016857 0
251756 2 0.60987705 1
645870 4 0.89735276 1
144679 5 0.73278147 1
1138043 0 0.986584783 1
86923 3 0.13621293 1
342802 3 0.96721852 1
1152633 4 0.0460279062 1
711527 0 0.32760707 1
684372 3 0.973391712 1
216878 0 0.62495649 1
62274 0 0.45723227 0
72406 1 0.30850628 0
101811 0 0.3040095 1
246618 2 0.993374765 1
1136631 0 0.976094961 1
1152676 2 0.976942301 1
235776 0 0.36523226 1
57119 2 0.987793148 1
119956 3 0.940154254 1
948147 3 0.996009469 1
739816 3 0.55422485 1
3222 5 0.00678391615 1
1117786 6 0.77995175 1
1110520 3 0.71843565 1
36802 4 0.88661897 1
3232 0 0.70444131 1
3237 4 0.72337657 0
1111265 3 0.95281976 1
695284 0 0.87030268 1
37541 0 0.11317044 1
1110546 2 0.999997854 1
71736 4 0.90628767 0
1135955 3 0.977123618 1
12155 0 0.90467596 1
258259 3 0.10242058 0
1114118 3 0.0754393563 0
606647 2 0.7363019 0
12165 0 0.7499159 1
1110563 3 0.998036921 1
12169 0 0.90408921 1
1133004 3 0.9595933 1
1133008 3 0.8778193 1
1102567 5 0.91270286 1
12195 0 0.82639837 0
28851 2 0.74079418 1
644427 4 0.66923821 1
1113438 2 0.990580857 1
1121459 5 0.16564764 1
689439 6 0.987700462 0
633585 4 0.78386062 1
31083 0 0.43183726 1
6152 1 0.87937117 0
1119987 5 0.94426441 1
1114184 3 0.05577074 1
82664 5 0.87826687 1
82666 5 0.78672266 0
672070 3 0.9274466 1
672071 3 0.84762114 1
632874 4 0.81782538 1
1114192 3 0.996641159 1
644470 4 0.999465883 1
5462 3 0.68714404 1
594011 2 0.63595694 1
20924 4 0.25764787 1
1131634 3 0.658837795 1
1120786 3 0.94293135 0
1112767 3 0.979191601 1
180301 4 0.74229765 0
160705 3 0.90968663 1
628458 3 0.82059073 1
628459 3 0.99177599 1
1130915 3 0.999465406 1
1116336 4 0.89089155 1
390889 3 0.963216007 0
57922 0 0.70111334 1
594039 2 0.16078456 1
13654 3 0.89979571 1
57932 3 0.2407912 1
73972 5 0.73971194 1
198443 2 0.800426006 0
60159 3 0.62439096 1
101143 5 0.90161401 1
101145 5 0.996834695 1
763181 3 0.999988317 0
44121 4 0.39228815 1
593328 2 0.964800537 1
259772 5 0.93456149 0
189708 4 0.48366776 1
60169 3 0.83002561 0
24530 1 0.13454705 1
467383 2 0.78232729 1
20972 1 0.34100527 0
13686 3 0.47792906 0
152731 3 0.61902618 1
118558 1 0.980451882 0
118559 1 0.50084573 1
1154123 3 0.997797489 1
1154124 3 0.997797489 1
1126503 5 0.2306136 1
40583 4 0.987907052 1
95719 4 0.54610425 1
693143 0 0.63462538 1
36131 4 0.16072662 1
1123689 4 0.998735487 0
6913 4 0.917868733 0
256106 3 0.94955748 1
36140 0 0.43931797 1
1115670 6 0.65407181 1
1108389 4 0.999894142 1
6923 6 0.7692892 1
6925 3 0.4005821 0
36162 4 0.30731216 0
62329 2 0.41010088 1
36167 1 0.45505434 1
6941 6 0.82165623 1
245288 1 0.29296875 1
62333 3 0.46846625 1
189774 4 0.8055889 1
1133846 3 0.18433791 1
167205 6 0.52926111 1
62347 1 0.21311507 1
267003 3 0.1487228 1
1114992 3 0.997138143 1
1112026 3 0.58313292 1
1119295 6 0.50547153 1
1111304 1 0.977881074 0
964248 4 0.981690824 0
45603 1 0.24612677 1
1109830 3 0.84529793 1
1152761 2 0.998814344 1
62389 5 0.3949587 1
444191 3 0.21587007 0
263482 6 0.84791553 0
263486 6 0.9018867 1
263498 2 0.987143338 1
675756 3 0.66282326 0
1125895 1 0.982474029 1
627024 3 0.981196046 1
12211 0 0.44037023 1
643069 4 0.979086995 1
1112075 3 0.87826115 1
884094 4 0.996544302 0
120817 3 0.85173166 1
1110628 4 0.960016608 0
18770 4 0.78925812 1
18773 4 0.71575838 1
173863 4 0.65517122 1
1130243 4 0.8734473 1
1102625 5 0.0399091952 1
63812 5 0.80625451 1
18781 0 0.17861861 1
18785 4 0.94084841 0
1129494 3 0.96019673 0
578845 2 0.8922444 0
68115 5 0.8840403 0
293271 1 0.23054603 1
63835 5 0.40990326 1
1919 4 0.95427632 0
164 0 0.900362313 1
293285 0 0.13716909 1
12275 3 0.9671098 1
1103383 2 0.993279874 1
1114239 2 0.0497808 1
6215 1 0.53003466 1
288107 0 0.41044503 1
385067 5 0.97201306 1
1121537 0 0.989290535 0
1103394 5 0.999942183 1
6224 1 0.88866532 1
2663 3 0.52731776 1
104840 0 0.962096095 0
632935 4 0.74351025 1
1106236 5 0.99967885 1
375605 2 0.89680564 0
1132406 3 0.987712204 0
28964 4 0.95528013 0
308003 6 0.71208829 1
47839 1 0.32811475 1
753070 0 0.52107108 1
563613 3 0.8158257 1
1132416 3 0.92833328 1
2695 3 0.994150698 1
2696 3 0.992757678 0
2698 3 0.94378209 1
1105530 3 0.992607355 0
1113551 5 0.982480347 0
688824 3 0.55276889 1
1138968 2 0.987285197 0
1120858 3 0.88375157 1
40605 4 0.90629524 1
1132443 3 0.979095697 0
1999 0 0.2587494 0
33325 0 0.64095241 1
644577 4 0.969271064 1
66751 0 0.8138991 0
594119 2 0.70398021 0
1132461 3 0.995524168 1
1115701 4 0.997775137 1
1131741 2 0.66174179 1
270085 2 0.48317978 1
1136040 3 0.89927953 1
1131752 2 0.98998815 1
1131754 2 0.19988017 1
4878 5 0.71011102 1
1123756 2 0.0193847585 1
1135345 3 0.59809232 1
1107728 3 0.36113802 1
1154232 4 0.978668809 0
1154233 4 0.999994636 1
17363 3 0.18598965 1
1213 6 0.86432892 0
149139 0 0.35646155 1
28230 4 0.14733157 1
50838 3 0.11558146 1
1125906 4 0.9613297 0
32698 4 0.42329052 0
754594 3 0.6299482 1
1133930 6 0.04208748 1
1115790 3 0.944723725 1
28249 1 0.87645632 0
1237 3 0.76950616 1
684531 3 0.69936758 1
238099 6 0.81348616 1
131042 3 0.79589307 1
444240 2 0.56202501 1
1112106 3 0.20331703 1
27535 4 0.32175225 1
28267 5 0.49879473 1
1120138 3 0.963022172 0
1117920 4 0.984490454 1
1125944 5 0.00188597478 1
1118658 0 0.891174436 1
263553 3 0.90225816 1
1125953 6 0.3171533 1
114308 1 0.12928323 1
630817 3 0.78619653 0
687401 3 0.58443695 1
594900 2 0.998723686 0
10174 0 0.34127226 0
73323 5 0.73159713 0
46431 3 0.14511451 0
202520 4 0.94485021 1
15987 4 0.90030676 1
10186 0 0.69986689 1
294030 4 0.48245105 1
675847 3 0.89163661 1
190697 2 0.996403217 1
576795 2 0.93681031 0
1125993 5 0.45064688 1
519318 4 0.78730214 1
1120197 3 0.975272775 0
1152896 5 0.983460784 1
1122304 3 0.59603256 1
2702 3 0.73605531 1
1129572 3 0.997161984 0
1112194 3 0.72765613 0
29738 4 0.17351438 0
1128868 3 0.89823598 1
633721 4 0.0822211504 1
630890 3 0.94323778 1
1123068 4 0.05050019 1
561568 4 0.40659258 1
733534 3 0.91528881 0
1102751 0 0.872048318 1
1114336 5 0.997545063 1
1123087 3 0.999933004 0
6311 0 0.3086971 1
116512 3 0.26476067 1
6318 5 0.65589792 1
7047 1 0.06818257 1
1123093 6 0.95462036 0
1103499 4 0.955634594 1
151430 6 0.51305759 1
431206 4 0.0279031936 1
372862 6 0.923465371 1
561593 4 0.77917629 1
1106330 5 0.13172953 1
1105603 3 0.99644202 1
1132505 3 0.99257797 0
74821 4 0.1840817 1
6344 5 0.70865083 0
116545 2 0.983688116 0
733576 3 0.61442709 0
1112911 2 0.997515678 0
1105622 3 0.8620131 1
1102794 6 0.3823756 1
262108 3 0.04438183 1
116552 2 0.91181493 1
41417 5 0.94730186 1
1140543 3 0.994334698 1
14529 5 0.29681 1
1117219 3 0.973809123 1
1107095 6 0.991909087 1
1140548 3 0.66555798 1
523010 3 0.78543031 0
42156 3 0.89283603 0
262121 2 0.9556731 1
22564 5 0.92371869 1
14545 3 0.79312253 0
22566 5 0.97800559 1
1106388 6 0.908777118 0
429781 0 0.31463355 1
335042 3 0.65108216 1
219218 4 0.64217329 1
610529 3 0.9667992 0
250566 5 0.13250399 1
1104946 0 0.45554841 1
195792 2 0.932322681 0
1152179 3 0.91853631 1
89308 5 0.85849816 0
350373 0 0.80852604 0
628667 1 0.62470883 1
628668 1 0.960485578 0
102061 2 0.65177673 1
430574 3 0.60738516 1
1107808 3 0.36450318 0
1110028 0 0.91616255 1
45052 4 0.66031224 1
89335 5 0.5843907 1
252715 6 0.10555389 1
4983 2 0.1532369 1
646837 2 0.990171015 1
1139009 3 0.17337273 0
252725 6 0.25933617 1
593544 2 0.90405172 0
299195 3 0.0640042201 1
593559 2 0.88753408 1
1108570 0 0.978189051 0
272345 5 0.993436217 1
593560 2 0.88753408 1
70520 1 0.30584452 1
131122 3 0.6494264 0
8591 6 0.60957468 1
217852 6 0.7960735 0
264347 0 0.0899452 1
7867 5 0.65830338 0
27612 0 0.69539315 1
1152917 4 0.960857928 0
28359 1 0.37880418 1
103528 5 0.96486181 0
46500 0 0.29832372 1
27631 5 0.13496257 0
289779 2 0.72253209 1
103537 4 0.80674708 1
633081 4 0.63975632 1
255628 3 0.72162795 1
397590 6 0.80256075 1
1129610 2 0.892479658 1
50980 5 0.73971194 1
28385 1 0.8949421 1
427606 2 0.902581453 1
616336 6 0.66747642 1
1120252 4 0.5079608 1
1152958 3 0.98173219 1
1152959 3 0.98203367 1
1385 3 0.093742 1
254923 2 0.75689864 1
34961 3 0.3816576 1
46547 0 0.70634091 0
13136 3 0.78851563 0
1131137 4 0.996571779 1
233106 3 0.83258891 1
561613 4 0.34447885 1
1131149 3 0.70742816 1
1104258 3 0.997221351 0
1152991 4 0.991380274 1
447250 3 0.999428809 1
115188 3 0.30560508 1
102879 0 0.84968311 1
1131150 3 0.972805381 1
56708 1 0.38464174 1
1128943 2 0.999790251 1
134060 0 0.01453992 1
102884 0 0.56577849 0
1131163 3 0.73805451 1
4274 5 0.18284984 1
1131172 4 0.83608317 1
767763 0 0.91735172 1
152226 0 0.8198449 0
152227 0 0.69593489 1
626530 4 0.997416377 1
626531 4 0.997829854 0
1131180 4 0.95180297 1
1130454 4 0.99992907 1
1131184 3 0.999070585 1
1128974 2 0.46000874 1
1128975 2 0.85951978 1
1128977 2 0.96634722 0
1128978 2 0.999751866 0
117328 5 0.7741279 1
24043 3 0.87559682 1
